Time;U_t;V_t;
0.000000E0;1.005080E-1; 0 
3.332663E-2;1.011760E-1;1.621190E-3
6.665327E-2;1.006161E-1;-3.330205E-2
9.997990E-2;9.895665E-2;-6.479468E-2
1.333065E-1;9.629788E-2;-8.668226E-2
1.666332E-1;9.317784E-2;-9.608476E-2
1.999598E-1;8.989330E-2;-9.260414E-2
2.332864E-1;8.700628E-2;-7.533273E-2
2.666131E-1;8.487196E-2;-4.871223E-2
2.999397E-1;8.375934E-2;-1.448971E-2
3.332663E-1;8.390614E-2;2.166114E-2
3.665930E-1;8.520318E-2;5.548800E-2
3.999196E-1;8.760472E-2;8.153318E-2
4.332462E-1;9.063782E-2;9.443054E-2
4.665729E-1;9.389799E-2;9.499244E-2
4.998995E-1;9.696854E-2;8.184608E-2
5.332261E-1;9.935440E-2;5.794729E-2
5.665528E-1;1.008310E-1;2.627114E-2
5.998794E-1;1.011052E-1;-1.053116E-2
6.332061E-1;1.001291E-1;-4.546306E-2
6.665327E-1;9.807486E-2;-7.205295E-2
6.998593E-1;9.532716E-2;-8.991665E-2
7.331860E-1;9.208141E-2;-9.604173E-2
7.665126E-1;8.892437E-2;-8.810494E-2
7.998392E-1;8.620873E-2;-6.808191E-2
8.331659E-1;8.438709E-2;-3.785797E-2
8.664925E-1;8.368529E-2;-2.946223E-3
8.998191E-1;8.420056E-2;3.269282E-2
9.331458E-1;8.575510E-2;6.104795E-2
9.664724E-1;8.826975E-2;8.514687E-2
9.997990E-1;9.142967E-2;9.597821E-2
1.033126E0;9.466723E-2;9.202744E-2
1.066452E0;9.756381E-2;7.619717E-2
1.099779E0;9.974620E-2;5.042733E-2
1.133106E0;1.009251E-1;1.633358E-2
1.166432E0;1.008347E-1;-1.836043E-2
1.199759E0;9.970125E-2;-5.017549E-2
1.233085E0;9.749026E-2;-7.685827E-2
1.266412E0;9.457907E-2;-9.196564E-2
1.299739E0;9.136024E-2;-9.473326E-2
1.333065E0;8.826457E-2;-8.506834E-2
1.366392E0;8.568996E-2;-6.140041E-2
1.399719E0;8.417121E-2;-2.919777E-2
1.433045E0;8.374377E-2;6.311503E-3
1.466372E0;8.459184E-2;4.120253E-2
1.499699E0;8.649015E-2;6.978027E-2
1.533025E0;8.924231E-2;8.902256E-2
1.566352E0;9.242400E-2;9.563966E-2
1.599678E0;9.561828E-2;8.854711E-2
1.633005E0;9.832517E-2;6.762881E-2
1.666332E0;1.001254E-1;4.008481E-2
1.699658E0;1.009970E-1;6.490090E-3
1.732985E0;1.005580E-1;-2.896352E-2
1.766312E0;9.906679E-2;-5.938349E-2
1.799638E0;9.659973E-2;-8.157079E-2
1.832965E0;9.362964E-2;-9.219564E-2
1.866292E0;9.045438E-2;-9.257932E-2
1.899618E0;8.745871E-2;-7.968096E-2
1.932945E0;8.514408E-2;-5.248429E-2
1.966271E0;8.396035E-2;-1.784326E-2
1.999598E0;8.395453E-2;1.671138E-2
2.032925E0;8.507425E-2;5.038088E-2
2.066251E0;8.731214E-2;7.720567E-2
2.099578E0;9.022044E-2;9.149352E-2
2.132905E0;9.341069E-2;9.365391E-2
2.166231E0;9.646299E-2;8.239777E-2
2.199558E0;9.890296E-2;6.081122E-2
2.232884E0;1.005157E-1;2.971577E-2
2.266211E0;1.008837E-1;-4.453551E-3
2.299538E0;1.002189E-1;-3.907540E-2
2.332864E0;9.827865E-2;-6.785030E-2
2.366191E0;9.569627E-2;-8.667185E-2
2.399518E0;9.250342E-2;-9.513058E-2
2.432844E0;8.935106E-2;-8.827838E-2
2.466171E0;8.661918E-2;-6.996109E-2
2.499498E0;8.469087E-2;-4.247766E-2
2.532824E0;8.378780E-2;-8.331421E-3
2.566151E0;8.413554E-2;2.683012E-2
2.599477E0;8.557618E-2;5.935903E-2
2.632804E0;8.809149E-2;8.365549E-2
2.666131E0;9.115135E-2;9.324677E-2
2.699457E0;9.430690E-2;9.121438E-2
2.732784E0;9.723130E-2;7.621652E-2
2.766111E0;9.938631E-2;5.209279E-2
2.799437E0;1.007036E-1;2.034966E-2
2.832764E0;1.007430E-1;-1.626635E-2
2.866091E0;9.961933E-2;-4.771968E-2
2.899417E0;9.756270E-2;-7.313683E-2
2.932744E0;9.474517E-2;-8.956319E-2
2.966070E0;9.159282E-2;-9.343372E-2
2.999397E0;8.851625E-2;-8.409349E-2
3.032724E0;8.598752E-2;-6.262047E-2
3.066050E0;8.434295E-2;-3.241780E-2
3.099377E0;8.382705E-2;2.850512E-3
3.132704E0;8.453295E-2;3.660799E-2
3.166030E0;8.626718E-2;6.671916E-2
3.199357E0;8.898015E-2;8.734157E-2
3.232684E0;9.208898E-2;9.404757E-2
3.266010E0;9.524790E-2;8.797085E-2
3.299337E0;9.795273E-2;6.873044E-2
3.332663E0;9.982916E-2;4.257258E-2
3.365990E0;1.007904E-1;9.837673E-3
3.399317E0;1.004849E-1;-2.628972E-2
3.432643E0;9.903807E-2;-5.591533E-2
3.465970E0;9.675783E-2;-7.918784E-2
3.499297E0;9.375976E-2;-9.226418E-2
3.532623E0;9.060791E-2;-9.146719E-2
3.565950E0;8.766398E-2;-7.907362E-2
3.599277E0;8.533810E-2;-5.353111E-2
3.632603E0;8.409584E-2;-2.027697E-2
3.665930E0;8.398630E-2;1.442002E-2
3.699256E0;8.505701E-2;4.653196E-2
3.732583E0;8.708739E-2;7.237928E-2
3.765910E0;8.988149E-2;8.964184E-2
3.799236E0;9.306252E-2;9.329346E-2
3.832563E0;9.610002E-2;8.262777E-2
3.865890E0;9.857012E-2;6.176172E-2
3.899216E0;1.002161E-1;3.179715E-2
3.932543E0;1.006892E-1;-1.532655E-3
3.965869E0;1.001139E-1;-3.525394E-2
3.999196E0;9.833896E-2;-6.389243E-2
4.032523E0;9.585515E-2;-8.352484E-2
4.065849E0;9.277249E-2;-9.252867E-2
4.099176E0;8.968760E-2;-8.800971E-2
4.132503E0;8.690616E-2;-7.213230E-2
4.165829E0;8.488038E-2;-4.363693E-2
4.199156E0;8.399752E-2;-1.134058E-2
4.232483E0;8.412447E-2;2.375513E-2
4.265809E0;8.558066E-2;5.729675E-2
4.299136E0;8.794362E-2;8.011096E-2
4.332462E0;9.092050E-2;9.163710E-2
4.365789E0;9.405174E-2;9.036706E-2
4.399116E0;9.694397E-2;7.648069E-2
4.432442E0;9.914875E-2;5.327096E-2
4.465769E0;1.004948E-1;2.301958E-2
4.499096E0;1.006831E-1;-1.258917E-2
4.532422E0;9.965578E-2;-4.478285E-2
4.565749E0;9.769811E-2;-7.014225E-2
4.599076E0;9.498041E-2;-8.746044E-2
4.632402E0;9.186936E-2;-9.219949E-2
4.665729E0;8.883480E-2;-8.348004E-2
4.699055E0;8.630495E-2;-6.384839E-2
4.732382E0;8.457895E-2;-3.465139E-2
4.765709E0;8.399524E-2;2.008002E-4
4.799035E0;8.459233E-2;3.377780E-2
4.832362E0;8.624672E-2;6.323221E-2
4.865689E0;8.880641E-2;8.408268E-2
4.899015E0;9.185130E-2;9.185317E-2
4.932342E0;9.492995E-2;8.700950E-2
4.965669E0;9.765096E-2;7.089681E-2
4.998995E0;9.965483E-2;4.416983E-2
5.032322E0;1.005946E-1;1.101053E-2
5.065648E0;1.003887E-1;-2.202929E-2
5.098975E0;9.912626E-2;-5.301304E-2
5.132302E0;9.685513E-2;-7.648418E-2
5.165628E0;9.402817E-2;-8.968743E-2
5.198955E0;9.087796E-2;-9.111419E-2
5.232282E0;8.795490E-2;-7.836588E-2
5.265608E0;8.565444E-2;-5.422078E-2
5.298935E0;8.434078E-2;-2.308929E-2
5.332261E0;8.411541E-2;9.639088E-3
5.365588E0;8.498318E-2;4.345354E-2
5.398915E0;8.701183E-2;7.207352E-2
5.432241E0;8.978728E-2;8.799532E-2
5.465568E0;9.287721E-2;9.143622E-2
5.498895E0;9.588201E-2;8.224339E-2
5.532221E0;9.835827E-2;6.229418E-2
5.565548E0;1.000343E-1;3.383344E-2
5.598875E0;1.006135E-1;1.335947E-3
5.632201E0;1.001233E-1;-3.219087E-2
5.665528E0;9.846776E-2;-6.111035E-2
5.698854E0;9.605064E-2;-8.153928E-2
5.732181E0;9.303271E-2;-9.124125E-2
5.765508E0;8.996891E-2;-8.717122E-2
5.798834E0;8.722227E-2;-7.216074E-2
5.832161E0;8.515899E-2;-4.533199E-2
5.865488E0;8.420114E-2;-1.185517E-2
5.898814E0;8.436878E-2;2.077138E-2
5.932141E0;8.558567E-2;5.240130E-2
5.965468E0;8.786162E-2;7.677859E-2
5.998794E0;9.070339E-2;8.933546E-2
6.032121E0;9.381632E-2;8.976166E-2
6.065447E0;9.668650E-2;7.670015E-2
6.098774E0;9.892796E-2;5.440785E-2
6.132101E0;1.003131E-1;2.370645E-2
6.165427E0;1.005081E-1;-9.399007E-3
6.198754E0;9.968670E-2;-4.109071E-2
6.232081E0;9.776920E-2;-6.843027E-2
6.265407E0;9.512544E-2;-8.524186E-2
6.298734E0;9.208736E-2;-9.030676E-2
6.332061E0;8.910599E-2;-8.329126E-2
6.365387E0;8.653554E-2;-6.375679E-2
6.398714E0;8.485625E-2;-3.592918E-2
6.432040E0;8.414106E-2;-3.298852E-3
6.465367E0;8.463640E-2;3.080807E-2
6.498694E0;8.619458E-2;5.987008E-2
6.532020E0;8.862707E-2;8.126777E-2
6.565347E0;9.161153E-2;9.082307E-2
6.598674E0;9.468093E-2;8.683208E-2
6.632000E0;9.739937E-2;7.077286E-2
6.665327E0;9.939834E-2;4.541322E-2
6.698653E0;1.004264E-1;1.396060E-2
6.731980E0;1.003289E-1;-1.840711E-2
6.765307E0;9.919968E-2;-4.945790E-2
6.798633E0;9.703279E-2;-7.418084E-2
6.831960E0;9.425512E-2;-8.783531E-2
6.865287E0;9.117808E-2;-8.998670E-2
6.898613E0;8.825701E-2;-7.844225E-2
6.931940E0;8.594947E-2;-5.660829E-2
6.965267E0;8.448438E-2;-2.661442E-2
6.998593E0;8.417547E-2;7.837703E-3
7.031920E0;8.500680E-2;4.104040E-2
7.065246E0;8.691059E-2;6.845538E-2
7.098573E0;8.956974E-2;8.514575E-2
7.131900E0;9.258697E-2;9.025808E-2
7.165226E0;9.558594E-2;8.305590E-2
7.198553E0;9.812218E-2;6.320195E-2
7.231880E0;9.979870E-2;3.559457E-2
7.265206E0;1.004948E-1;2.668568E-3
7.298533E0;9.997654E-2;-2.907893E-2
7.331860E0;9.855649E-2;-5.564782E-2
7.365186E0;9.626731E-2;-7.802102E-2
7.398513E0;9.335595E-2;-8.907315E-2
7.431839E0;9.032910E-2;-8.679883E-2
7.465166E0;8.757129E-2;-7.284085E-2
7.498493E0;8.547466E-2;-4.717515E-2
7.531819E0;8.442681E-2;-1.555460E-2
7.565146E0;8.443786E-2;1.685414E-2
7.598473E0;8.555023E-2;4.913497E-2
7.631799E0;8.771243E-2;7.460499E-2
7.665126E0;9.052224E-2;8.806117E-2
7.698453E0;9.358220E-2;8.859949E-2
7.731779E0;9.642887E-2;7.691728E-2
7.765106E0;9.870916E-2;5.546375E-2
7.798432E0;1.001252E-1;2.751135E-2
7.831759E0;1.005426E-1;-6.146060E-3
7.865086E0;9.971555E-2;-3.843124E-2
7.898412E0;9.798099E-2;-6.492560E-2
7.931739E0;9.538790E-2;-8.314735E-2
7.965066E0;9.243875E-2;-8.917152E-2
7.998392E0;8.944412E-2;-8.325569E-2
8.031719E0;8.688930E-2;-6.435236E-2
8.065045E0;8.515540E-2;-3.772566E-2
8.098372E0;8.437467E-2;-5.715462E-3
8.131699E0;8.477437E-2;2.762706E-2
8.165025E0;8.621586E-2;5.774959E-2
8.198352E0;8.862305E-2;7.936072E-2
8.231679E0;9.150658E-2;8.863023E-2
8.265005E0;9.453075E-2;8.629520E-2
8.298332E0;9.725767E-2;7.028679E-2
8.331659E0;9.921576E-2;4.671842E-2
8.364985E0;1.003717E-1;1.718780E-2
8.398312E0;1.003614E-1;-1.722254E-2
8.431638E0;9.922374E-2;-4.653371E-2
8.464965E0;9.726021E-2;-7.029905E-2
8.498292E0;9.453792E-2;-8.549417E-2
8.531618E0;9.156155E-2;-8.772888E-2
8.564945E0;8.869127E-2;-7.931047E-2
8.598272E0;8.627506E-2;-5.811591E-2
8.631598E0;8.481688E-2;-2.808117E-2
8.664925E0;8.440330E-2;5.040004E-3
8.698252E0;8.515277E-2;3.664328E-2
8.731578E0;8.684577E-2;6.393888E-2
8.764905E0;8.941465E-2;8.236349E-2
8.798231E0;9.233484E-2;8.825257E-2
8.831558E0;9.529717E-2;8.222608E-2
8.864885E0;9.781567E-2;6.435042E-2
8.898211E0;9.958577E-2;3.857673E-2
8.931538E0;1.003870E-1;7.234135E-3
8.964865E0;1.000680E-1;-2.648677E-2
8.998191E0;9.862153E-2;-5.494460E-2
9.031518E0;9.640560E-2;-7.578341E-2
9.064845E0;9.356594E-2;-8.749200E-2
9.098171E0;9.057378E-2;-8.639255E-2
9.131498E0;8.781219E-2;-7.378771E-2
9.164824E0;8.565542E-2;-4.879334E-2
9.198151E0;8.456039E-2;-1.705711E-2
9.231478E0;8.451846E-2;1.495285E-2
9.264804E0;8.555708E-2;4.526931E-2
9.298131E0;8.753541E-2;7.060574E-2
9.331458E0;9.026256E-2;8.589100E-2
9.364784E0;9.326052E-2;8.754229E-2
9.398111E0;9.609871E-2;7.754219E-2
9.431437E0;9.842914E-2;5.684243E-2
9.464764E0;9.988694E-2;2.889460E-2
9.498091E0;1.003551E-1;-3.613188E-3
9.531417E0;9.964610E-2;-3.640249E-2
9.564744E0;9.792910E-2;-6.246215E-2
9.598071E0;9.548265E-2;-8.020340E-2
9.631397E0;9.258221E-2;-8.771194E-2
9.664724E0;8.963617E-2;-8.251010E-2
9.698051E0;8.708337E-2;-6.673740E-2
9.731377E0;8.518849E-2;-3.983521E-2
9.764704E0;8.442813E-2;-7.227047E-3
9.798030E0;8.470677E-2;2.374427E-2
9.831357E0;8.601082E-2;5.351648E-2
9.864684E0;8.827394E-2;7.742725E-2
9.898010E0;9.117092E-2;8.807684E-2
9.931337E0;9.414475E-2;8.555131E-2
9.964664E0;9.687339E-2;7.192352E-2
9.997990E0;9.893885E-2;4.875250E-2
1.003132E1;1.001230E-1;1.985526E-2
1.006464E1;1.002621E-1;-1.356202E-2
1.009797E1;9.921903E-2;-4.303349E-2
1.013130E1;9.739319E-2;-6.723465E-2
1.016462E1;9.473746E-2;-8.374511E-2
1.019795E1;9.181205E-2;-8.726219E-2
1.023128E1;8.892095E-2;-7.962541E-2
1.026460E1;8.650457E-2;-5.894609E-2
1.029793E1;8.499252E-2;-3.008114E-2
1.033126E1;8.449983E-2;2.011288E-3
1.036458E1;8.512659E-2;3.308810E-2
1.039791E1;8.670534E-2;6.053189E-2
1.043124E1;8.916137E-2;8.148041E-2
1.046456E1;9.213646E-2;8.914333E-2
1.049789E1;9.510228E-2;8.231377E-2
1.053122E1;9.762313E-2;6.427909E-2
1.056454E1;9.938684E-2;4.036381E-2
1.059787E1;1.003136E-1;1.007295E-2
1.063120E1;1.000583E-1;-2.305450E-2
1.066452E1;9.877714E-2;-5.206176E-2
1.069785E1;9.658805E-2;-7.416365E-2
1.073118E1;9.383373E-2;-8.528462E-2
1.076450E1;9.090336E-2;-8.520874E-2
1.079783E1;8.815409E-2;-7.309071E-2
1.083116E1;8.603227E-2;-5.123187E-2
1.086448E1;8.473920E-2;-2.127865E-2
1.089781E1;8.461393E-2;1.289756E-2
1.093114E1;8.559875E-2;4.299547E-2
1.096446E1;8.748029E-2;6.738558E-2
1.099779E1;9.009112E-2;8.307002E-2
1.103112E1;9.301645E-2;8.640003E-2
1.106444E1;9.585017E-2;7.771917E-2
1.109777E1;9.819686E-2;5.824330E-2
1.113110E1;9.973176E-2;3.217622E-2
1.116442E1;1.003412E-1;-5.172781E-4
1.119775E1;9.969728E-2;-3.373512E-2
1.123108E1;9.809260E-2;-5.922574E-2
1.126440E1;9.574955E-2;-7.760866E-2
1.129773E1;9.291955E-2;-8.613641E-2
1.133106E1;9.000904E-2;-8.251140E-2
1.136438E1;8.741971E-2;-6.803272E-2
1.139771E1;8.547428E-2;-4.205359E-2
1.143104E1;8.461660E-2;-1.013601E-2
1.146436E1;8.479866E-2;2.101864E-2
1.149769E1;8.601761E-2;5.123010E-2
1.153102E1;8.821343E-2;7.468749E-2
1.156434E1;9.099512E-2;8.577940E-2
1.159767E1;9.393110E-2;8.418781E-2
1.163100E1;9.660670E-2;7.162926E-2
1.166432E1;9.870559E-2;5.064843E-2
1.169765E1;9.998270E-2;2.269791E-2
1.173098E1;1.002183E-1;-1.091538E-2
1.176430E1;9.925525E-2;-4.037745E-2
1.179763E1;9.752690E-2;-6.476733E-2
1.183096E1;9.493743E-2;-8.206806E-2
1.186428E1;9.205661E-2;-8.565338E-2
1.189761E1;8.922815E-2;-7.972952E-2
1.193094E1;8.674308E-2;-6.050289E-2
1.196426E1;8.519597E-2;-3.252449E-2
1.199759E1;8.457514E-2;-1.367135E-3
1.203091E1;8.510485E-2;3.216723E-2
1.206424E1;8.671927E-2;5.911313E-2
1.209757E1;8.904506E-2;7.714702E-2
1.213089E1;9.186154E-2;8.563873E-2
1.216422E1;9.475241E-2;8.147838E-2
1.219755E1;9.729253E-2;6.562791E-2
1.223087E1;9.912760E-2;4.184265E-2
1.226420E1;1.000811E-1;1.271526E-2
1.229753E1;9.997500E-2;-2.020121E-2
1.233085E1;9.873459E-2;-4.863141E-2
1.236418E1;9.673345E-2;-7.052448E-2
1.239751E1;9.403374E-2;-8.389453E-2
1.243083E1;9.114141E-2;-8.423636E-2
1.246416E1;8.841892E-2;-7.463980E-2
1.249749E1;8.616709E-2;-5.205667E-2
1.253081E1;8.494905E-2;-2.260163E-2
1.256414E1;8.466056E-2;7.547920E-3
1.259747E1;8.545208E-2;4.007421E-2
1.263079E1;8.733173E-2;6.538215E-2
1.266412E1;8.981089E-2;8.076332E-2
1.269745E1;9.271506E-2;8.578973E-2
1.273077E1;9.552925E-2;7.726414E-2
1.276410E1;9.786514E-2;5.893220E-2
1.279743E1;9.945675E-2;3.448145E-2
1.283075E1;1.001631E-1;2.366936E-3
1.286408E1;9.961452E-2;-3.006616E-2
1.289741E1;9.815906E-2;-5.509245E-2
1.293073E1;9.594292E-2;-7.469347E-2
1.296406E1;9.318033E-2;-8.533980E-2
1.299739E1;9.025360E-2;-8.205912E-2
1.303071E1;8.771063E-2;-6.819918E-2
1.306404E1;8.570850E-2;-4.533048E-2
1.309737E1;8.468961E-2;-1.444053E-2
1.313069E1;8.474596E-2;1.924428E-2
1.316402E1;8.597234E-2;4.871497E-2
1.319735E1;8.799254E-2;7.054165E-2
1.323067E1;9.067512E-2;8.372554E-2
1.326400E1;9.357425E-2;8.499670E-2
1.329733E1;9.633968E-2;7.309010E-2
1.333065E1;9.844529E-2;5.129382E-2
1.336398E1;9.975870E-2;2.351718E-2
1.339731E1;1.000128E-1;-7.793680E-3
1.343063E1;9.923929E-2;-3.730532E-2
1.346396E1;9.752624E-2;-6.238053E-2
1.349729E1;9.508128E-2;-7.851468E-2
1.353061E1;9.229280E-2;-8.430245E-2
1.356394E1;8.946206E-2;-7.834887E-2
1.359727E1;8.707128E-2;-6.180521E-2
1.363059E1;8.534239E-2;-3.629523E-2
1.366392E1;8.465200E-2;-3.999234E-3
1.369725E1;8.507582E-2;2.849509E-2
1.373057E1;8.655136E-2;5.609135E-2
1.376390E1;8.881462E-2;7.553329E-2
1.379723E1;9.158607E-2;8.408371E-2
1.383055E1;9.441834E-2;8.052944E-2
1.386388E1;9.695381E-2;6.790501E-2
1.389721E1;9.894458E-2;4.480367E-2
1.393053E1;9.994022E-2;1.502655E-2
1.396386E1;9.994619E-2;-1.738904E-2
1.399719E1;9.878134E-2;-4.689315E-2
1.403051E1;9.682050E-2;-6.877048E-2
1.406384E1;9.419740E-2;-8.157262E-2
1.409717E1;9.138413E-2;-8.299780E-2
1.413049E1;8.866514E-2;-7.391688E-2
1.416382E1;8.645716E-2;-5.459123E-2
1.419715E1;8.502633E-2;-2.682281E-2
1.423047E1;8.466927E-2;6.101577E-3
1.426380E1;8.543297E-2;3.759615E-2
1.429713E1;8.717527E-2;6.370168E-2
1.433045E1;8.967975E-2;7.926684E-2
1.436378E1;9.245796E-2;8.423502E-2
1.439711E1;9.529354E-2;7.808332E-2
1.443043E1;9.766352E-2;6.029020E-2
1.446376E1;9.931222E-2;3.433085E-2
1.449709E1;9.995148E-2;4.956903E-3
1.453041E1;9.964262E-2;-2.526160E-2
1.456374E1;9.826765E-2;-5.297655E-2
1.459707E1;9.611144E-2;-7.240702E-2
1.463039E1;9.344132E-2;-8.253229E-2
1.466372E1;9.061112E-2;-8.158609E-2
1.469705E1;8.800315E-2;-7.025228E-2
1.473037E1;8.592842E-2;-4.787935E-2
1.476370E1;8.481173E-2;-1.660490E-2
1.479703E1;8.482161E-2;1.649112E-2
1.483035E1;8.591077E-2;4.507480E-2
1.486368E1;8.782610E-2;6.786457E-2
1.489701E1;9.043432E-2;8.229508E-2
1.493033E1;9.331061E-2;8.411012E-2
1.496366E1;9.603979E-2;7.299165E-2
1.499699E1;9.817590E-2;5.300566E-2
1.503031E1;9.957291E-2;2.729603E-2
1.506364E1;9.999534E-2;-4.910368E-3
1.509697E1;9.924561E-2;-3.531234E-2
1.513029E1;9.764157E-2;-5.967431E-2
1.516362E1;9.526799E-2;-7.642236E-2
1.519695E1;9.254845E-2;-8.362118E-2
1.523027E1;8.969510E-2;-7.881851E-2
1.526360E1;8.729476E-2;-6.306591E-2
1.529693E1;8.549141E-2;-3.675341E-2
1.533025E1;8.484494E-2;-5.903818E-3
1.536358E1;8.509782E-2;2.436973E-2
1.539691E1;8.646904E-2;5.329745E-2
1.543023E1;8.864980E-2;7.409249E-2
1.546356E1;9.140854E-2;8.403075E-2
1.549688E1;9.425091E-2;8.085626E-2
1.553021E1;9.679716E-2;6.698603E-2
1.556354E1;9.871591E-2;4.486914E-2
1.559686E1;9.978844E-2;1.786528E-2
1.563019E1;9.990673E-2;-1.390840E-2
1.566352E1;9.886152E-2;-4.338251E-2
1.569684E1;9.701504E-2;-6.438980E-2
1.573017E1;9.456959E-2;-7.857200E-2
1.576350E1;9.177865E-2;-8.419716E-2
1.579682E1;8.895738E-2;-7.567933E-2
1.583015E1;8.673421E-2;-5.503198E-2
1.586348E1;8.528980E-2;-2.886230E-2
1.589680E1;8.481037E-2;3.237839E-3
1.593013E1;8.550562E-2;3.509268E-2
1.596346E1;8.714950E-2;5.971107E-2
1.599678E1;8.948570E-2;7.639861E-2
1.603011E1;9.224104E-2;8.313844E-2
1.606344E1;9.502733E-2;7.792209E-2
1.609676E1;9.743498E-2;6.157503E-2
1.613009E1;9.913097E-2;3.586570E-2
1.616342E1;9.982642E-2;7.633318E-3
1.619674E1;9.963977E-2;-2.207030E-2
1.623007E1;9.835581E-2;-4.965177E-2
1.626340E1;9.633020E-2;-7.007196E-2
1.629672E1;9.368512E-2;-8.208918E-2
1.633005E1;9.085850E-2;-8.106505E-2
1.636338E1;8.828259E-2;-7.005418E-2
1.639670E1;8.618900E-2;-4.730117E-2
1.643003E1;8.512970E-2;-1.749138E-2
1.646336E1;8.502330E-2;1.293407E-2
1.649668E1;8.599197E-2;4.129419E-2
1.653001E1;8.777579E-2;6.506806E-2
1.656334E1;9.032767E-2;8.012499E-2
1.659666E1;9.311656E-2;8.256055E-2
1.662999E1;9.583171E-2;7.375241E-2
1.666332E1;9.803257E-2;5.404037E-2
1.669664E1;9.943320E-2;2.885948E-2
1.672997E1;9.995622E-2;-1.709909E-3
1.676330E1;9.931922E-2;-3.263921E-2
1.679662E1;9.778099E-2;-5.763779E-2
1.682995E1;9.547735E-2;-7.462939E-2
1.686328E1;9.280653E-2;-8.199929E-2
1.689660E1;9.001164E-2;-7.820737E-2
1.692993E1;8.759357E-2;-6.403497E-2
1.696326E1;8.574406E-2;-3.895498E-2
1.699658E1;8.499701E-2;-8.042869E-3
1.702991E1;8.520787E-2;2.061653E-2
1.706324E1;8.637099E-2;5.023571E-2
1.709656E1;8.855580E-2;7.157439E-2
1.712989E1;9.114182E-2;8.029614E-2
1.716322E1;9.390799E-2;8.015067E-2
1.719654E1;9.648430E-2;6.843859E-2
1.722987E1;9.846980E-2;4.588488E-2
1.726320E1;9.954279E-2;1.949426E-2
1.729652E1;9.976898E-2;-1.125398E-2
1.732985E1;9.879265E-2;-4.047111E-2
1.736318E1;9.707091E-2;-6.349567E-2
1.739650E1;9.456031E-2;-7.816021E-2
1.742983E1;9.186196E-2;-8.183728E-2
1.746316E1;8.910540E-2;-7.432806E-2
1.749648E1;8.690759E-2;-5.550264E-2
1.752981E1;8.540584E-2;-3.100724E-2
1.756314E1;8.484078E-2;2.750139E-5
1.759646E1;8.540767E-2;3.163763E-2
1.762979E1;8.694925E-2;5.685371E-2
1.766312E1;8.919729E-2;7.395347E-2
1.769644E1;9.187866E-2;8.197749E-2
1.772977E1;9.466063E-2;7.739607E-2
1.776310E1;9.703754E-2;6.233861E-2
1.779642E1;9.881585E-2;3.923618E-2
1.782975E1;9.965285E-2;1.035992E-2
1.786308E1;9.950639E-2;-2.066036E-2
1.789640E1;9.827572E-2;-4.747178E-2
1.792973E1;9.634213E-2;-6.752251E-2
1.796306E1;9.377497E-2;-7.988585E-2
1.799638E1;9.101730E-2;-8.088516E-2
1.802971E1;8.838443E-2;-7.039457E-2
1.806304E1;8.632589E-2;-4.910360E-2
1.809636E1;8.511140E-2;-2.110429E-2
1.812969E1;8.491917E-2;1.051171E-2
1.816302E1;8.581206E-2;4.085802E-2
1.819634E1;8.764304E-2;6.380807E-2
1.822967E1;9.006452E-2;7.738508E-2
1.826300E1;9.279947E-2;8.100999E-2
1.829632E1;9.546518E-2;7.355322E-2
1.832965E1;9.770301E-2;5.585781E-2
1.836298E1;9.918779E-2;3.068033E-2
1.839630E1;9.974769E-2;5.413227E-4
1.842963E1;9.922388E-2;-2.877445E-2
1.846296E1;9.782971E-2;-5.350635E-2
1.849628E1;9.565738E-2;-7.207516E-2
1.852961E1;9.302550E-2;-8.140938E-2
1.856294E1;9.023099E-2;-7.813737E-2
1.859626E1;8.781634E-2;-6.456993E-2
1.862959E1;8.592777E-2;-4.240002E-2
1.866292E1;8.499062E-2;-1.208867E-2
1.869624E1;8.512199E-2;2.023338E-2
1.872957E1;8.633906E-2;4.784250E-2
1.876290E1;8.831096E-2;6.784007E-2
1.879622E1;9.086248E-2;8.086439E-2
1.882955E1;9.370102E-2;8.073188E-2
1.886287E1;9.624192E-2;6.842444E-2
1.889620E1;9.826113E-2;4.794205E-2
1.892953E1;9.943752E-2;2.176145E-2
1.896285E1;9.971165E-2;-9.019489E-3
1.899618E1;9.883632E-2;-3.835040E-2
1.902951E1;9.715538E-2;-6.105513E-2
1.906283E1;9.476666E-2;-7.574621E-2
1.909616E1;9.210648E-2;-8.021685E-2
1.912949E1;8.941976E-2;-7.452487E-2
1.916281E1;8.713898E-2;-5.770636E-2
1.919614E1;8.557395E-2;-3.306143E-2
1.922947E1;8.493562E-2;-2.153634E-3
1.926279E1;8.543040E-2;2.937359E-2
1.929612E1;8.689353E-2;5.456184E-2
1.932945E1;8.906725E-2;7.223552E-2
1.936277E1;9.170843E-2;8.095542E-2
1.939610E1;9.446248E-2;7.731306E-2
1.942943E1;9.686178E-2;6.341331E-2
1.946275E1;9.868933E-2;4.091362E-2
1.949608E1;9.958890E-2;1.306128E-2
1.952941E1;9.955994E-2;-1.745754E-2
1.956273E1;9.842545E-2;-4.464199E-2
1.959606E1;9.658430E-2;-6.476894E-2
1.962939E1;9.410752E-2;-7.932452E-2
1.966271E1;9.129776E-2;-8.114862E-2
1.969604E1;8.869941E-2;-7.023438E-2
1.972937E1;8.661547E-2;-5.067375E-2
1.976269E1;8.532173E-2;-2.389635E-2
1.979602E1;8.502291E-2;7.187607E-3
1.982935E1;8.580074E-2;3.802343E-2
1.986267E1;8.755738E-2;6.187547E-2
1.989600E1;8.992508E-2;7.560866E-2
1.992933E1;9.259712E-2;8.047531E-2
1.996265E1;9.528921E-2;7.374180E-2
1.999598E1;9.751160E-2;5.633212E-2
2.002931E1;9.904406E-2;3.265202E-2
2.006263E1;9.968840E-2;3.279286E-3
2.009596E1;9.926264E-2;-2.671687E-2
2.012929E1;9.790787E-2;-5.176867E-2
2.016261E1;9.581197E-2;-6.987737E-2
2.019594E1;9.325016E-2;-7.987019E-2
2.022927E1;9.048907E-2;-7.704067E-2
2.026259E1;8.811497E-2;-6.473676E-2
2.029592E1;8.617400E-2;-4.402976E-2
2.032925E1;8.518063E-2;-1.422395E-2
2.036257E1;8.522590E-2;1.638085E-2
2.039590E1;8.627250E-2;4.430156E-2
2.042923E1;8.817835E-2;6.682231E-2
2.046255E1;9.072658E-2;7.864028E-2
2.049588E1;9.342104E-2;7.863749E-2
2.052921E1;9.596821E-2;6.877639E-2
2.056253E1;9.800536E-2;4.951195E-2
2.059586E1;9.926845E-2;2.444758E-2
2.062919E1;9.963466E-2;-5.969487E-3
2.066251E1;9.887055E-2;-3.480068E-2
2.069584E1;9.731500E-2;-5.760826E-2
2.072917E1;9.503128E-2;-7.303474E-2
2.076249E1;9.244683E-2;-7.915046E-2
2.079582E1;8.975547E-2;-7.460094E-2
2.082915E1;8.747509E-2;-5.926893E-2
2.086247E1;8.580486E-2;-3.524395E-2
2.089580E1;8.512550E-2;-4.399939E-3
2.092913E1;8.551158E-2;2.589981E-2
2.096245E1;8.685157E-2;5.206965E-2
2.099578E1;8.898231E-2;7.045958E-2
2.102911E1;9.154810E-2;7.868409E-2
2.106243E1;9.422617E-2;7.637747E-2
2.109576E1;9.663908E-2;6.496171E-2
2.112909E1;9.855623E-2;4.256519E-2
2.116241E1;9.947581E-2;1.437968E-2
2.119574E1;9.951472E-2;-1.492526E-2
2.122907E1;9.848096E-2;-4.283232E-2
2.126239E1;9.666018E-2;-6.411918E-2
2.129572E1;9.420706E-2;-7.641683E-2
2.132905E1;9.156572E-2;-7.827017E-2
2.136237E1;8.898992E-2;-7.014620E-2
2.139570E1;8.689087E-2;-5.182381E-2
2.142903E1;8.553615E-2;-2.595672E-2
2.146235E1;8.516071E-2;4.724755E-3
2.149568E1;8.585113E-2;3.436318E-2
2.152901E1;8.745121E-2;5.830920E-2
2.156233E1;8.973712E-2;7.342938E-2
2.159566E1;9.234568E-2;7.896736E-2
2.162899E1;9.500073E-2;7.290759E-2
2.166231E1;9.720457E-2;5.773995E-2
2.169564E1;9.884942E-2;3.422020E-2
2.172897E1;9.948553E-2;5.205177E-3
2.176229E1;9.919632E-2;-2.367663E-2
2.179562E1;9.790736E-2;-4.962022E-2
2.182895E1;9.588885E-2;-6.746976E-2
2.186227E1;9.341012E-2;-7.717988E-2
2.189560E1;9.074439E-2;-7.666892E-2
2.192893E1;8.830056E-2;-6.606023E-2
2.196225E1;8.634110E-2;-4.473141E-2
2.199558E1;8.531897E-2;-1.638307E-2
2.202891E1;8.524926E-2;1.396130E-2
2.206223E1;8.624957E-2;4.250775E-2
2.209556E1;8.808264E-2;6.367497E-2
2.212889E1;9.049315E-2;7.644341E-2
2.216221E1;9.317802E-2;7.817238E-2
2.219554E1;9.570464E-2;6.866053E-2
2.222887E1;9.775615E-2;5.034896E-2
2.226219E1;9.906068E-2;2.615392E-2
2.229552E1;9.949887E-2;-3.237988E-3
2.232884E1;9.884467E-2;-3.222765E-2
2.236217E1;9.735072E-2;-5.543984E-2
2.239550E1;9.515299E-2;-7.172605E-2
2.242882E1;9.257058E-2;-7.805957E-2
2.246215E1;8.994989E-2;-7.479174E-2
2.249548E1;8.758529E-2;-5.963494E-2
2.252880E1;8.597489E-2;-3.583329E-2
2.256213E1;8.519681E-2;-7.543684E-3
2.259546E1;8.547214E-2;2.313924E-2
2.262878E1;8.673916E-2;4.896906E-2
2.266211E1;8.873620E-2;6.819430E-2
2.269544E1;9.128469E-2;7.801919E-2
2.272876E1;9.393661E-2;7.557612E-2
2.276209E1;9.632226E-2;6.469303E-2
2.279542E1;9.824876E-2;4.414362E-2
2.282874E1;9.926468E-2;1.694237E-2
2.286207E1;9.937807E-2;-1.153929E-2
2.289540E1;9.849565E-2;-3.803943E-2
2.292872E1;9.684295E-2;-6.175133E-2
2.296205E1;9.437958E-2;-7.571819E-2
2.299538E1;9.179591E-2;-7.757741E-2
2.302870E1;8.920948E-2;-7.048418E-2
2.306203E1;8.709775E-2;-5.263219E-2
2.309536E1;8.570125E-2;-2.831883E-2
2.312868E1;8.521014E-2;1.257574E-3
2.316201E1;8.578507E-2;3.159481E-2
2.319534E1;8.731611E-2;5.537791E-2
2.322866E1;8.947632E-2;7.108415E-2
2.326199E1;9.205348E-2;7.817681E-2
2.329532E1;9.468724E-2;7.494113E-2
2.332864E1;9.704872E-2;5.944662E-2
2.336197E1;9.864969E-2;3.481843E-2
2.339530E1;9.936956E-2;8.191662E-3
2.342862E1;9.919571E-2;-2.061745E-2
2.346195E1;9.799529E-2;-4.611170E-2
2.349528E1;9.612262E-2;-6.441037E-2
2.352860E1;9.370270E-2;-7.581457E-2
2.356193E1;9.106915E-2;-7.752282E-2
2.359526E1;8.853451E-2;-6.693069E-2
2.362858E1;8.660785E-2;-4.600939E-2
2.366191E1;8.546773E-2;-1.937104E-2
2.369524E1;8.531666E-2;1.130882E-2
2.372856E1;8.622140E-2;3.957140E-2
2.376189E1;8.795388E-2;6.115815E-2
2.379522E1;9.029793E-2;7.394653E-2
2.382854E1;9.288365E-2;7.676060E-2
2.386187E1;9.541445E-2;6.927109E-2
2.389520E1;9.750018E-2;5.212007E-2
2.392852E1;9.888796E-2;2.829110E-2
2.396185E1;9.938594E-2;4.801809E-6
2.399518E1;9.888828E-2;-2.785015E-2
2.402850E1;9.752957E-2;-5.202563E-2
2.406183E1;9.542049E-2;-6.891487E-2
2.409516E1;9.293601E-2;-7.678560E-2
2.412848E1;9.030230E-2;-7.491614E-2
2.416181E1;8.794327E-2;-6.041135E-2
2.419514E1;8.627622E-2;-3.793935E-2
2.422846E1;8.541440E-2;-1.076251E-2
2.426179E1;8.555884E-2;1.925031E-2
2.429512E1;8.669754E-2;4.583605E-2
2.432844E1;8.861407E-2;6.517193E-2
2.436177E1;9.104089E-2;7.747479E-2
2.439510E1;9.377819E-2;7.668796E-2
2.442842E1;9.615257E-2;6.386284E-2
2.446175E1;9.803500E-2;4.492021E-2
2.449508E1;9.914675E-2;1.950534E-2
2.452840E1;9.933493E-2;-9.284640E-3
2.456173E1;9.852788E-2;-3.508019E-2
2.459506E1;9.699664E-2;-5.731978E-2
2.462838E1;9.470719E-2;-7.396283E-2
2.466171E1;9.206660E-2;-7.771491E-2
2.469504E1;8.952793E-2;-7.029514E-2
2.472836E1;8.738104E-2;-5.434260E-2
2.476169E1;8.590569E-2;-3.052356E-2
2.479502E1;8.534648E-2;-1.248065E-3
2.482834E1;8.582250E-2;2.856801E-2
2.486167E1;8.725069E-2;5.272314E-2
2.489500E1;8.933679E-2;6.896567E-2
2.492832E1;9.184687E-2;7.649350E-2
2.496165E1;9.443551E-2;7.394699E-2
2.499498E1;9.677667E-2;5.997377E-2
2.502830E1;9.843309E-2;3.703521E-2
2.506163E1;9.924486E-2;1.067215E-2
2.509496E1;9.914433E-2;-1.747331E-2
2.512828E1;9.808036E-2;-4.314511E-2
2.516161E1;9.626847E-2;-6.224771E-2
2.519494E1;9.393121E-2;-7.459328E-2
2.522826E1;9.129641E-2;-7.732800E-2
2.526159E1;8.877687E-2;-6.686081E-2
2.529492E1;8.683977E-2;-4.674224E-2
2.532824E1;8.566124E-2;-2.138402E-2
2.536157E1;8.541464E-2;7.930823E-3
2.539490E1;8.618987E-2;3.649516E-2
2.542822E1;8.784725E-2;5.829174E-2
2.546155E1;9.007469E-2;7.198506E-2
2.549488E1;9.264545E-2;7.639128E-2
2.552820E1;9.516659E-2;6.931963E-2
2.556153E1;9.726599E-2;5.292798E-2
2.559486E1;9.869454E-2;3.007146E-2
2.562818E1;9.927042E-2;2.363744E-3
2.566151E1;9.885209E-2;-2.550960E-2
2.569484E1;9.757035E-2;-4.961474E-2
2.572816E1;9.554500E-2;-6.678321E-2
2.576149E1;9.311887E-2;-7.528330E-2
2.579481E1;9.052778E-2;-7.410303E-2
2.582814E1;8.817950E-2;-6.122834E-2
2.586147E1;8.644657E-2;-3.955799E-2
2.589479E1;8.554274E-2;-1.303651E-2
2.592812E1;8.557762E-2;1.618898E-2
2.596145E1;8.662182E-2;4.242932E-2
2.599477E1;8.840577E-2;6.403923E-2
2.602810E1;9.089039E-2;7.610220E-2
2.606143E1;9.347840E-2;7.513676E-2
2.609475E1;9.589784E-2;6.502221E-2
2.612808E1;9.781249E-2;4.646490E-2
2.616141E1;9.899498E-2;2.195775E-2
2.619473E1;9.927585E-2;-6.961459E-3
2.622806E1;9.853096E-2;-3.391254E-2
2.626139E1;9.701540E-2;-5.582194E-2
2.629471E1;9.481074E-2;-7.072954E-2
2.632804E1;9.230088E-2;-7.611205E-2
2.636137E1;8.973661E-2;-7.033769E-2
2.639469E1;8.761248E-2;-5.523136E-2
2.642802E1;8.605574E-2;-3.235363E-2
2.646135E1;8.545593E-2;-3.117521E-3
2.649467E1;8.584794E-2;2.547700E-2
2.652800E1;8.715383E-2;4.956816E-2
2.656133E1;8.915194E-2;6.711226E-2
2.659465E1;9.162724E-2;7.542544E-2
2.662798E1;9.417946E-2;7.275110E-2
2.666131E1;9.647650E-2;6.095819E-2
2.669463E1;9.824198E-2;3.975125E-2
2.672796E1;9.912614E-2;1.250395E-2
2.676129E1;9.907544E-2;-1.492872E-2
2.679461E1;9.813106E-2;-4.009160E-2
2.682794E1;9.640311E-2;-6.091573E-2
2.686127E1;9.407137E-2;-7.421342E-2
2.689459E1;9.145638E-2;-7.569978E-2
2.692792E1;8.902556E-2;-6.619340E-2
2.696125E1;8.704495E-2;-4.838417E-2
2.699457E1;8.580048E-2;-2.342932E-2
2.702790E1;8.548326E-2;5.709608E-3
2.706123E1;8.618100E-2;3.403490E-2
2.709455E1;8.775188E-2;5.596753E-2
2.712788E1;8.991216E-2;7.013082E-2
2.716121E1;9.242648E-2;7.569764E-2
2.719453E1;9.495699E-2;6.963799E-2
2.722786E1;9.706747E-2;5.403026E-2
2.726119E1;9.855841E-2;3.175717E-2
2.729451E1;9.918461E-2;4.384002E-3
2.732784E1;9.885063E-2;-2.289869E-2
2.736117E1;9.765854E-2;-4.675169E-2
2.739449E1;9.573437E-2;-6.451794E-2
2.742782E1;9.335806E-2;-7.387476E-2
2.746115E1;9.081102E-2;-7.310982E-2
2.749447E1;8.848408E-2;-6.257359E-2
2.752780E1;8.664015E-2;-4.214599E-2
2.756113E1;8.567575E-2;-1.470652E-2
2.759445E1;8.565988E-2;1.418170E-2
2.762778E1;8.662104E-2;4.014031E-2
2.766111E1;8.833545E-2;6.169862E-2
2.769443E1;9.073359E-2;7.399708E-2
2.772776E1;9.326694E-2;7.412449E-2
2.776109E1;9.567440E-2;6.547407E-2
2.779441E1;9.763188E-2;4.822396E-2
2.782774E1;9.888880E-2;2.384084E-2
2.786107E1;9.922074E-2;-4.105686E-3
2.789439E1;9.861513E-2;-3.125608E-2
2.792772E1;9.713735E-2;-5.374059E-2
2.796105E1;9.503362E-2;-6.822880E-2
2.799437E1;9.258952E-2;-7.412834E-2
2.802770E1;9.009255E-2;-7.033486E-2
2.806103E1;8.790209E-2;-5.715163E-2
2.809435E1;8.628308E-2;-3.510692E-2
2.812768E1;8.556202E-2;-6.588280E-3
2.816101E1;8.584393E-2;2.285666E-2
2.819433E1;8.708555E-2;4.732778E-2
2.822766E1;8.899807E-2;6.533422E-2
2.826099E1;9.144044E-2;7.577856E-2
2.829431E1;9.404913E-2;7.349869E-2
2.832764E1;9.633953E-2;6.012066E-2
2.836097E1;9.805650E-2;4.006885E-2
2.839429E1;9.900990E-2;1.482186E-2
2.842762E1;9.904446E-2;-1.236437E-2
2.846095E1;9.818574E-2;-3.688139E-2
2.849427E1;9.658611E-2;-5.778319E-2
2.852760E1;9.433417E-2;-7.140691E-2
2.856093E1;9.182724E-2;-7.560867E-2
2.859425E1;8.929444E-2;-6.770908E-2
2.862758E1;8.731405E-2;-5.016746E-2
2.866091E1;8.594994E-2;-2.445725E-2
2.869423E1;8.568384E-2;3.172932E-3
2.872756E1;8.616136E-2;2.940992E-2
2.876089E1;8.764418E-2;5.398330E-2
2.879421E1;8.975965E-2;6.861325E-2
2.882754E1;9.221687E-2;7.506183E-2
2.886087E1;9.476294E-2;7.016570E-2
2.889419E1;9.689380E-2;5.432400E-2
2.892752E1;9.838393E-2;3.261329E-2
2.896085E1;9.906766E-2;7.007967E-3
2.899417E1;9.885105E-2;-1.964673E-2
2.902750E1;9.775810E-2;-4.448803E-2
2.906083E1;9.588617E-2;-6.241941E-2
2.909415E1;9.359750E-2;-7.245093E-2
2.912748E1;9.105611E-2;-7.411071E-2
2.916080E1;8.865843E-2;-6.342819E-2
2.919413E1;8.682897E-2;-4.258084E-2
2.922746E1;8.582018E-2;-1.691017E-2
2.926078E1;8.570182E-2;1.117148E-2
2.929411E1;8.656482E-2;3.779012E-2
2.932744E1;8.822074E-2;5.987951E-2
2.936076E1;9.055612E-2;7.228783E-2
2.939409E1;9.303832E-2;7.333729E-2
2.942742E1;9.544446E-2;6.592814E-2
2.946074E1;9.743280E-2;4.923923E-2
2.949407E1;9.872653E-2;2.541541E-2
2.952740E1;9.912688E-2;-1.630907E-3
2.956072E1;9.861784E-2;-2.876385E-2
2.959405E1;9.720961E-2;-5.141864E-2
2.962738E1;9.519050E-2;-6.618443E-2
2.966070E1;9.279805E-2;-7.321944E-2
2.969403E1;9.031002E-2;-7.023665E-2
2.972736E1;8.811716E-2;-5.755079E-2
2.976068E1;8.647394E-2;-3.585513E-2
2.979401E1;8.572722E-2;-8.506180E-3
2.982734E1;8.590695E-2;1.932392E-2
2.986066E1;8.701527E-2;4.477226E-2
2.989399E1;8.889127E-2;6.288261E-2
2.992732E1;9.120674E-2;7.244604E-2
2.996064E1;9.371940E-2;7.333738E-2
2.999397E1;9.609427E-2;6.246222E-2
3.002730E1;9.788285E-2;4.210106E-2
3.006062E1;9.890054E-2;1.756509E-2
3.009395E1;9.905366E-2;-9.498085E-3
3.012728E1;9.826744E-2;-3.604833E-2
3.016060E1;9.665124E-2;-5.657500E-2
3.019393E1;9.449640E-2;-6.901276E-2
3.022726E1;9.205116E-2;-7.283656E-2
3.026058E1;8.964144E-2;-6.658364E-2
3.029391E1;8.761299E-2;-5.195362E-2
3.032724E1;8.617844E-2;-2.782355E-2
3.036056E1;8.575839E-2;1.386098E-4
3.039389E1;8.618768E-2;2.702042E-2
3.042722E1;8.755945E-2;5.134845E-2
3.046054E1;8.961034E-2;6.748231E-2
3.049387E1;9.205678E-2;7.394653E-2
3.052720E1;9.453929E-2;7.044179E-2
3.056052E1;9.675211E-2;5.619536E-2
3.059385E1;9.828502E-2;3.426831E-2
3.062718E1;9.903629E-2;9.386651E-3
3.066050E1;9.891059E-2;-1.705924E-2
3.069383E1;9.789919E-2;-4.207755E-2
3.072716E1;9.610589E-2;-6.087555E-2
3.076048E1;9.384150E-2;-7.089180E-2
3.079381E1;9.138055E-2;-7.363296E-2
3.082714E1;8.893427E-2;-6.362357E-2
3.086046E1;8.713969E-2;-4.410712E-2
3.089379E1;8.599429E-2;-2.030401E-2
3.092712E1;8.578631E-2;8.438113E-3
3.096044E1;8.655683E-2;3.595199E-2
3.099377E1;8.818231E-2;5.715546E-2
3.102710E1;9.036592E-2;6.964113E-2
3.106042E1;9.282428E-2;7.306540E-2
3.109375E1;9.523532E-2;6.613966E-2
3.112708E1;9.723286E-2;5.062738E-2
3.116040E1;9.860992E-2;2.762266E-2
3.119373E1;9.907406E-2;6.876857E-4
3.122706E1;9.865576E-2;-2.581215E-2
3.126038E1;9.735354E-2;-4.891550E-2
3.129371E1;9.539527E-2;-6.475084E-2
3.132704E1;9.303825E-2;-7.254684E-2
3.136036E1;9.055962E-2;-7.104216E-2
3.139369E1;8.830290E-2;-5.845382E-2
3.142702E1;8.666400E-2;-3.710942E-2
3.146034E1;8.582935E-2;-1.109001E-2
3.149367E1;8.592466E-2;1.678229E-2
3.152700E1;8.694798E-2;4.144269E-2
3.156032E1;8.868659E-2;6.047569E-2
3.159365E1;9.097835E-2;7.236229E-2
3.162698E1;9.350994E-2;7.289034E-2
3.166030E1;9.583690E-2;6.181645E-2
3.169363E1;9.763035E-2;4.410145E-2
3.172696E1;9.877651E-2;2.006163E-2
3.176028E1;9.896756E-2;-7.558501E-3
3.179361E1;9.827269E-2;-3.223286E-2
3.182694E1;9.681942E-2;-5.360430E-2
3.186026E1;9.469967E-2;-6.890159E-2
3.189359E1;9.222675E-2;-7.325433E-2
3.192692E1;8.981767E-2;-6.659861E-2
3.196024E1;8.778758E-2;-5.260415E-2
3.199357E1;8.631131E-2;-3.033602E-2
3.202690E1;8.576552E-2;-3.008439E-3
3.206022E1;8.611078E-2;2.467596E-2
3.209355E1;8.741003E-2;4.860824E-2
3.212688E1;8.935079E-2;6.567657E-2
3.216020E1;9.178774E-2;7.363647E-2
3.219353E1;9.425907E-2;6.913799E-2
3.222686E1;9.639617E-2;5.716113E-2
3.226018E1;9.806854E-2;3.664514E-2
3.229351E1;9.883877E-2;1.059034E-2
3.232684E1;9.877445E-2;-1.500273E-2
3.236016E1;9.783876E-2;-3.912925E-2
3.239349E1;9.616627E-2;-5.856823E-2
3.242682E1;9.393551E-2;-7.130926E-2
3.246014E1;9.141311E-2;-7.279342E-2
3.249347E1;8.908343E-2;-6.236638E-2
3.252680E1;8.725604E-2;-4.525586E-2
3.256012E1;8.606687E-2;-2.181158E-2
3.259345E1;8.580242E-2;6.016103E-3
3.262677E1;8.646788E-2;3.270159E-2
3.266010E1;8.798217E-2;5.382125E-2
3.269343E1;9.005536E-2;6.773447E-2
3.272675E1;9.249704E-2;7.234200E-2
3.276008E1;9.487736E-2;6.607536E-2
3.279341E1;9.690133E-2;5.203251E-2
3.282673E1;9.834504E-2;3.025106E-2
3.286006E1;9.891774E-2;3.887179E-3
3.289339E1;9.860414E-2;-2.325756E-2
3.292671E1;9.736749E-2;-4.627865E-2
3.296004E1;9.551941E-2;-6.246900E-2
3.299337E1;9.320428E-2;-7.191162E-2
3.302669E1;9.072610E-2;-7.140077E-2
3.306002E1;8.844502E-2;-5.869054E-2
3.309335E1;8.681470E-2;-3.836065E-2
3.312667E1;8.588807E-2;-1.402154E-2
3.316000E1;8.588009E-2;1.416362E-2
3.319333E1;8.683215E-2;3.950735E-2
3.322665E1;8.851347E-2;5.845610E-2
3.325998E1;9.072793E-2;7.111656E-2
3.329331E1;9.325379E-2;7.230667E-2
3.332663E1;9.554757E-2;6.232063E-2
3.335996E1;9.740711E-2;4.549407E-2
3.339329E1;9.858000E-2;2.212944E-2
3.342661E1;9.888216E-2;-4.310066E-3
3.345994E1;9.829271E-2;-3.089871E-2
3.349327E1;9.682259E-2;-5.240347E-2
3.352659E1;9.479973E-2;-6.610867E-2
3.355992E1;9.241608E-2;-7.147107E-2
3.359325E1;9.003658E-2;-6.770826E-2
3.362657E1;8.790295E-2;-5.326327E-2
3.365990E1;8.648629E-2;-3.038342E-2
3.369323E1;8.587806E-2;-4.746796E-3
3.372655E1;8.616989E-2;2.256605E-2
3.375988E1;8.738247E-2;4.633915E-2
3.379321E1;8.925865E-2;6.297928E-2
3.382653E1;9.157969E-2;7.241230E-2
3.385986E1;9.408533E-2;7.027412E-2
3.389319E1;9.626385E-2;5.696420E-2
3.392651E1;9.788231E-2;3.837458E-2
3.395984E1;9.882173E-2;1.375250E-2
3.399317E1;9.879884E-2;-1.318245E-2
3.402649E1;9.794304E-2;-3.694276E-2
3.405982E1;9.633640E-2;-5.772755E-2
3.409315E1;9.409582E-2;-6.994335E-2
3.412647E1;9.167429E-2;-7.163796E-2
3.415980E1;8.932075E-2;-6.321044E-2
3.419313E1;8.746166E-2;-4.693362E-2
3.422645E1;8.619237E-2;-2.403001E-2
3.425978E1;8.585993E-2;3.217268E-3
3.429311E1;8.640678E-2;3.004587E-2
3.432643E1;8.786265E-2;5.241948E-2
3.435976E1;8.990083E-2;6.594815E-2
3.439309E1;9.225846E-2;7.085524E-2
3.442641E1;9.462372E-2;6.747243E-2
3.445974E1;9.675588E-2;5.312325E-2
3.449307E1;9.816468E-2;3.104089E-2
3.452639E1;9.882492E-2;5.942176E-3
3.455972E1;9.856076E-2;-2.058046E-2
3.459305E1;9.745335E-2;-4.327242E-2
3.462637E1;9.567690E-2;-6.066886E-2
3.465970E1;9.340943E-2;-7.043021E-2
3.469303E1;9.098233E-2;-7.101570E-2
3.472635E1;8.867584E-2;-5.988324E-2
3.475968E1;8.699078E-2;-4.002303E-2
3.479301E1;8.600808E-2;-1.568967E-2
3.482633E1;8.594498E-2;1.210063E-2
3.485966E1;8.681466E-2;3.659214E-2
3.489299E1;8.838364E-2;5.703210E-2
3.492631E1;9.061553E-2;6.970870E-2
3.495964E1;9.303089E-2;7.025364E-2
3.499297E1;9.529833E-2;6.334360E-2
3.502629E1;9.725309E-2;4.646139E-2
3.505962E1;9.839524E-2;2.266210E-2
3.509295E1;9.876339E-2;-1.803072E-3
3.512627E1;9.827507E-2;-2.652345E-2
3.515960E1;9.699546E-2;-5.010102E-2
3.519293E1;9.493556E-2;-6.575969E-2
3.522625E1;9.261221E-2;-7.019765E-2
3.525958E1;9.025650E-2;-6.688198E-2
3.529291E1;8.815415E-2;-5.478827E-2
3.532623E1;8.660455E-2;-3.422068E-2
3.535956E1;8.587354E-2;-7.643057E-3
3.539289E1;8.609510E-2;2.006051E-2
3.542621E1;8.721068E-2;4.373565E-2
3.545954E1;8.900984E-2;6.101713E-2
3.549287E1;9.128052E-2;7.020257E-2
3.552619E1;9.369001E-2;6.991981E-2
3.555952E1;9.593796E-2;5.872012E-2
3.559285E1;9.760599E-2;3.995512E-2
3.562617E1;9.860075E-2;1.631820E-2
3.565950E1;9.869296E-2;-1.025652E-2
3.569283E1;9.791709E-2;-3.460147E-2
3.572615E1;9.638658E-2;-5.566814E-2
3.575948E1;9.420650E-2;-6.833843E-2
3.579281E1;9.183221E-2;-7.006663E-2
3.582613E1;8.953617E-2;-6.300579E-2
3.585946E1;8.763252E-2;-4.884132E-2
3.589279E1;8.628063E-2;-2.673700E-2
3.592611E1;8.585035E-2;9.030707E-4
3.595944E1;8.634082E-2;2.838901E-2
3.599277E1;8.774264E-2;5.035224E-2
3.602609E1;8.969652E-2;6.428572E-2
3.605942E1;9.202764E-2;7.018730E-2
3.609274E1;9.437489E-2;6.730758E-2
3.612607E1;9.651406E-2;5.414735E-2
3.615940E1;9.798411E-2;3.289360E-2
3.619272E1;9.870624E-2;8.626015E-3
3.622605E1;9.855899E-2;-1.798463E-2
3.625938E1;9.750746E-2;-4.142974E-2
3.629270E1;9.579747E-2;-5.846021E-2
3.632603E1;9.361076E-2;-6.860376E-2
3.635936E1;9.122465E-2;-7.014011E-2
3.639268E1;8.893554E-2;-6.023816E-2
3.642601E1;8.720944E-2;-4.178343E-2
3.645934E1;8.615090E-2;-1.743711E-2
3.649266E1;8.604716E-2;9.673426E-3
3.652599E1;8.679569E-2;3.480681E-2
3.655932E1;8.836684E-2;5.456274E-2
3.659264E1;9.043260E-2;6.662424E-2
3.662597E1;9.280771E-2;6.962401E-2
3.665930E1;9.507343E-2;6.416839E-2
3.669262E1;9.708489E-2;4.840780E-2
3.672595E1;9.830008E-2;2.437784E-2
3.675928E1;9.870981E-2;-2.813444E-4
3.679260E1;9.828132E-2;-2.588504E-2
3.682593E1;9.698443E-2;-4.742334E-2
3.685926E1;9.512030E-2;-6.253436E-2
3.689258E1;9.281617E-2;-6.943388E-2
3.692591E1;9.049214E-2;-6.758167E-2
3.695924E1;8.831147E-2;-5.548399E-2
3.699256E1;8.679444E-2;-3.484404E-2
3.702589E1;8.598931E-2;-9.587996E-3
3.705922E1;8.615535E-2;1.817606E-2
3.709254E1;8.720085E-2;4.241276E-2
3.712587E1;8.898287E-2;5.978331E-2
3.715920E1;9.118574E-2;6.879170E-2
3.719252E1;9.356745E-2;6.849835E-2
3.722585E1;9.575153E-2;5.993120E-2
3.725918E1;9.756220E-2;4.169089E-2
3.729250E1;9.853046E-2;1.673531E-2
3.732583E1;9.867770E-2;-7.214839E-3
3.735916E1;9.804955E-2;-3.130578E-2
3.739248E1;9.659134E-2;-5.216300E-2
3.742581E1;9.457318E-2;-6.509882E-2
3.745914E1;9.225215E-2;-7.059044E-2
3.749246E1;8.986793E-2;-6.480240E-2
3.752579E1;8.793271E-2;-4.970410E-2
3.755912E1;8.655543E-2;-2.815284E-2
3.759244E1;8.605616E-2;-1.753364E-3
3.762577E1;8.643856E-2;2.516176E-2
3.765910E1;8.773305E-2;4.752581E-2
3.769242E1;8.960642E-2;6.269566E-2
3.772575E1;9.191207E-2;7.021982E-2
3.775908E1;9.428696E-2;6.739585E-2
3.779240E1;9.640512E-2;5.342503E-2
3.782573E1;9.784804E-2;3.393761E-2
3.785906E1;9.866688E-2;1.025922E-2
3.789238E1;9.853176E-2;-1.560236E-2
3.792571E1;9.762689E-2;-3.907160E-2
3.795904E1;9.592742E-2;-5.693474E-2
3.799236E1;9.383188E-2;-6.435753E-2
3.802569E1;9.142239E-2;-6.745765E-2
3.805902E1;8.911059E-2;-6.055959E-2
3.809234E1;8.738576E-2;-4.259057E-2
3.812567E1;8.627169E-2;-1.967878E-2
3.815900E1;8.607427E-2;7.660584E-3
3.819232E1;8.678231E-2;3.233291E-2
3.822565E1;8.822980E-2;5.356398E-2
3.825898E1;9.035206E-2;6.719298E-2
3.829230E1;9.270784E-2;6.913439E-2
3.832563E1;9.496025E-2;6.216511E-2
3.835896E1;9.685080E-2;4.839155E-2
3.839228E1;9.818581E-2;2.740688E-2
3.842561E1;9.867762E-2;2.233208E-3
3.845894E1;9.833467E-2;-2.370509E-2
3.849226E1;9.709728E-2;-4.638073E-2
3.852559E1;9.524313E-2;-6.133621E-2
3.855892E1;9.300956E-2;-6.855777E-2
3.859224E1;9.067414E-2;-6.764402E-2
3.862557E1;8.850071E-2;-5.555001E-2
3.865890E1;8.697142E-2;-3.519400E-2
3.869222E1;8.615523E-2;-1.092842E-2
3.872555E1;8.624298E-2;1.593930E-2
3.875888E1;8.721767E-2;3.948567E-2
3.879220E1;8.887448E-2;5.856587E-2
3.882553E1;9.112141E-2;6.867432E-2
3.885886E1;9.345277E-2;
