Time;U_t;V_t;
0.000000E0;9.166242E-2;  0
3.332662E-2;9.166996E-2;-7.047999E-5
6.665325E-2;9.165772E-2;3.453649E-5
9.997987E-2;9.167226E-2;-1.712510E-5
1.333065E-1;9.165658E-2;2.974133E-4
1.666331E-1;9.169209E-2;4.116472E-4
1.999597E-1;9.168402E-2;-2.368857E-4
2.332864E-1;9.167630E-2;-2.355312E-4
2.666130E-1;9.166832E-2;1.853727E-4
2.999396E-1;9.168866E-2;1.923660E-4
3.332662E-1;9.168114E-2;-5.470578E-4
3.665929E-1;9.165220E-2;-3.770766E-4
3.999195E-1;9.165601E-2;-4.483726E-4
4.332461E-1;9.162232E-2;3.954220E-3
4.665727E-1;9.191958E-2;1.541495E-2
4.998994E-1;9.264981E-2;2.853105E-2
5.332260E-1;9.382101E-2;4.195818E-2
5.665526E-1;9.544609E-2;4.889646E-2
5.998792E-1;9.708023E-2;4.830992E-2
6.332059E-1;9.866621E-2;4.087215E-2
6.665325E-1;9.980459E-2;2.502619E-2
6.998591E-1;1.003343E-1;5.966200E-3
7.331857E-1;1.002022E-1;-1.435454E-2
7.665124E-1;9.937754E-2;-3.311364E-2
7.998390E-1;9.799500E-2;-4.456123E-2
8.331656E-1;9.640778E-2;-4.839287E-2
8.664922E-1;9.476934E-2;-4.709399E-2
8.998189E-1;9.326870E-2;-3.641573E-2
9.331455E-1;9.234203E-2;-1.895965E-2
9.664721E-1;9.200473E-2;-4.746331E-4
9.997987E-1;9.231039E-2;1.705783E-2
1.033125E0;9.314154E-2;3.465690E-2
1.066452E0;9.462047E-2;4.608822E-2
1.099779E0;9.621357E-2;4.934026E-2
1.133105E0;9.790872E-2;4.639327E-2
1.166432E0;9.930594E-2;3.260115E-2
1.199758E0;1.000818E-1;1.507821E-2
1.233085E0;1.003113E-1;-4.294072E-3
1.266412E0;9.979555E-2;-2.270652E-2
1.299738E0;9.879856E-2;-3.873683E-2
1.333065E0;9.721352E-2;-4.774960E-2
1.366392E0;9.561579E-2;-4.855956E-2
1.399718E0;9.397730E-2;-4.164242E-2
1.433045E0;9.284009E-2;-2.775783E-2
1.466371E0;9.212678E-2;-1.057268E-2
1.499698E0;9.213536E-2;9.624497E-3
1.533025E0;9.276820E-2;2.592975E-2
1.566351E0;9.386372E-2;4.098026E-2
1.599678E0;9.549976E-2;4.850678E-2
1.633005E0;9.709643E-2;4.754623E-2
1.666331E0;9.866845E-2;3.906100E-2
1.699658E0;9.970006E-2;2.338470E-2
1.732984E0;1.002272E-1;4.758725E-3
1.766311E0;1.000173E-1;-1.533340E-2
1.799638E0;9.920511E-2;-3.074725E-2
1.832964E0;9.796813E-2;-4.372120E-2
1.866291E0;9.629085E-2;-4.851599E-2
1.899618E0;9.473427E-2;-4.572375E-2
1.932944E0;9.324311E-2;-3.572413E-2
1.966271E0;9.235305E-2;-1.879194E-2
1.999597E0;9.199052E-2;-5.707423E-4
2.032924E0;9.231501E-2;1.777181E-2
2.066251E0;9.317492E-2;3.524241E-2
2.099577E0;9.466411E-2;4.543410E-2
2.132904E0;9.620335E-2;4.838936E-2
2.166231E0;9.788900E-2;4.429984E-2
2.199557E0;9.915618E-2;3.149247E-2
2.232884E0;9.998814E-2;1.538001E-2
2.266210E0;1.001813E-1;-4.585350E-3
2.299537E0;9.968250E-2;-2.428721E-2
2.332864E0;9.856247E-2;-3.768692E-2
2.366190E0;9.717046E-2;-4.650584E-2
2.399517E0;9.546311E-2;-4.829597E-2
2.432844E0;9.395127E-2;-4.144578E-2
2.466170E0;9.270052E-2;-2.761611E-2
2.499497E0;9.211050E-2;-8.657731E-3
2.532823E0;9.212343E-2;8.897906E-3
2.566150E0;9.270350E-2;2.675198E-2
2.599477E0;9.390660E-2;4.034396E-2
2.632803E0;9.539264E-2;4.867832E-2
2.666130E0;9.715128E-2;4.754352E-2
2.699457E0;9.856221E-2;3.816445E-2
2.732783E0;9.969473E-2;2.466443E-2
2.766110E0;1.002060E-1;5.502936E-3
2.799436E0;1.000616E-1;-1.489468E-2
2.832763E0;9.921315E-2;-3.126511E-2
2.866090E0;9.797795E-2;-4.375171E-2
2.899416E0;9.629734E-2;-4.823679E-2
2.932743E0;9.476270E-2;-4.518889E-2
2.966070E0;9.328525E-2;-3.551353E-2
2.999396E0;9.239592E-2;-1.856190E-2
3.032723E0;9.204799E-2;-5.016182E-4
3.066049E0;9.236248E-2;1.768090E-2
3.099376E0;9.322653E-2;3.431343E-2
3.132703E0;9.464928E-2;4.471240E-2
3.166029E0;9.620686E-2;4.846583E-2
3.199356E0;9.787979E-2;4.358823E-2
3.232683E0;9.911177E-2;3.132686E-2
3.266009E0;9.996790E-2;1.549393E-2
3.299336E0;1.001445E-1;-4.821978E-3
3.332662E0;9.964649E-2;-2.220947E-2
3.365989E0;9.866414E-2;-3.801538E-2
3.399316E0;9.711298E-2;-4.870802E-2
3.432642E0;9.541748E-2;-4.770081E-2
3.465969E0;9.393345E-2;-3.871697E-2
3.499296E0;9.283721E-2;-2.631240E-2
3.532622E0;9.217958E-2;-9.846736E-3
3.565949E0;9.218087E-2;9.834469E-3
3.599275E0;9.283500E-2;2.621875E-2
3.632602E0;9.392850E-2;4.054122E-2
3.665929E0;9.553775E-2;4.754542E-2
3.699255E0;9.709766E-2;4.594995E-2
3.732582E0;9.860005E-2;3.774090E-2
3.765909E0;9.961330E-2;2.320997E-2
3.799235E0;1.001471E-1;5.677601E-3
3.832562E0;9.999175E-2;-1.496798E-2
3.865888E0;9.914943E-2;-3.058869E-2
3.899215E0;9.795284E-2;-4.338957E-2
3.932542E0;9.625727E-2;-4.854507E-2
3.965868E0;9.471704E-2;-4.459398E-2
3.999195E0;9.328484E-2;-3.397973E-2
4.032522E0;9.245248E-2;-1.738637E-2
4.065848E0;9.212613E-2;4.945900E-4
4.099175E0;9.248545E-2;1.789410E-2
4.132501E0;9.331887E-2;3.416685E-2
4.165828E0;9.476248E-2;4.477398E-2
4.199155E0;9.630331E-2;4.793345E-2
4.232481E0;9.795751E-2;4.323387E-2
4.265808E0;9.918508E-2;3.049623E-2
4.299135E0;9.999025E-2;1.460436E-2
4.332461E0;1.001585E-1;-5.273685E-3
4.365788E0;9.963873E-2;-2.247429E-2
4.399114E0;9.866076E-2;-3.810692E-2
4.432441E0;9.709869E-2;-4.851367E-2
4.465768E0;9.542705E-2;-4.726627E-2
4.499094E0;9.394813E-2;-4.038069E-2
4.532421E0;9.273546E-2;-2.586055E-2
4.565748E0;9.222467E-2;-7.896989E-3
4.599074E0;9.220917E-2;9.596727E-3
4.632401E0;9.286435E-2;2.626432E-2
4.665727E0;9.396012E-2;4.018120E-2
4.699054E0;9.554265E-2;4.691487E-2
4.732381E0;9.708674E-2;4.603737E-2
4.765707E0;9.861129E-2;3.711207E-2
4.799034E0;9.956046E-2;2.219518E-2
4.832361E0;1.000907E-1;5.459531E-3
4.865687E0;9.992437E-2;-1.491493E-2
4.899014E0;9.909673E-2;-3.025743E-2
4.932340E0;9.790754E-2;-4.262071E-2
4.965667E0;9.625582E-2;-4.823457E-2
4.998994E0;9.469244E-2;-4.462667E-2
5.032320E0;9.328121E-2;-3.346971E-2
5.065647E0;9.246150E-2;-1.711343E-2
5.098974E0;9.214069E-2;5.140469E-4
5.132300E0;9.249576E-2;1.820601E-2
5.165627E0;9.335422E-2;3.479298E-2
5.198953E0;9.481490E-2;4.436711E-2
5.232280E0;9.631154E-2;4.711071E-2
5.265607E0;9.795457E-2;4.245884E-2
5.298933E0;9.914166E-2;2.988883E-2
5.332260E0;9.994716E-2;1.485798E-2
5.365587E0;1.001320E-1;-5.419822E-3
5.398913E0;9.958596E-2;-2.271839E-2
5.432240E0;9.861772E-2;-3.756471E-2
5.465566E0;9.708206E-2;-4.600908E-2
5.498893E0;9.555147E-2;-4.669719E-2
5.532220E0;9.396944E-2;-4.174809E-2
5.565546E0;9.276872E-2;-2.601433E-2
5.598873E0;9.223544E-2;-7.755537E-3
5.632200E0;9.225177E-2;8.823106E-3
5.665526E0;9.282345E-2;2.694823E-2
5.698853E0;9.404802E-2;4.047068E-2
5.732179E0;9.552104E-2;4.707221E-2
5.765506E0;9.718512E-2;4.544924E-2
5.798833E0;9.855049E-2;3.690789E-2
5.832159E0;9.964524E-2;2.354899E-2
5.865486E0;1.001202E-1;3.857632E-3
5.898813E0;9.990237E-2;-1.608167E-2
5.932139E0;9.904822E-2;-3.070603E-2
5.965466E0;9.785565E-2;-4.198274E-2
5.998792E0;9.625031E-2;-4.755874E-2
6.032119E0;9.468559E-2;-4.465882E-2
6.065446E0;9.327355E-2;-3.543424E-2
6.098772E0;9.232370E-2;-1.679925E-2
6.132099E0;9.215379E-2;3.349875E-3
6.165426E0;9.254695E-2;1.881964E-2
6.198752E0;9.340822E-2;3.414070E-2
6.232079E0;9.482262E-2;4.375734E-2
6.265405E0;9.632440E-2;4.705217E-2
6.298732E0;9.795891E-2;4.186287E-2
6.332059E0;9.911526E-2;2.925972E-2
6.365385E0;9.990923E-2;1.335054E-2
6.398712E0;1.000050E-1;-6.130845E-3
6.432039E0;9.950064E-2;-2.273290E-2
6.465365E0;9.848973E-2;-3.834067E-2
6.498692E0;9.694503E-2;-4.592052E-2
6.532018E0;9.542887E-2;-4.558368E-2
6.565345E0;9.390662E-2;-3.878966E-2
6.598672E0;9.284332E-2;-2.489933E-2
6.631998E0;9.224694E-2;-8.895978E-3
6.665325E0;9.225046E-2;1.110996E-2
6.698652E0;9.298748E-2;2.786792E-2
6.731978E0;9.410801E-2;4.043979E-2
6.765305E0;9.568257E-2;4.635915E-2
6.798631E0;9.719810E-2;4.504017E-2
6.831958E0;9.868475E-2;3.589216E-2
6.865285E0;9.959051E-2;2.014124E-2
6.898611E0;1.000273E-1;3.587822E-3
6.931938E0;9.982966E-2;-1.597225E-2
6.965265E0;9.896263E-2;-3.114373E-2
6.998591E0;9.775410E-2;-4.270619E-2
7.031918E0;9.611603E-2;-4.674770E-2
7.065244E0;9.463811E-2;-4.309125E-2
7.098571E0;9.324376E-2;-3.244035E-2
7.131898E0;9.247578E-2;-1.516854E-2
7.165224E0;9.223286E-2;1.667158E-3
7.198551E0;9.258691E-2;1.834127E-2
7.231878E0;9.345541E-2;3.396109E-2
7.265204E0;9.485022E-2;4.334068E-2
7.298531E0;9.634430E-2;4.633018E-2
7.331857E0;9.793839E-2;4.133949E-2
7.365184E0;9.909935E-2;2.907071E-2
7.398511E0;9.987611E-2;1.316933E-2
7.431837E0;9.997716E-2;-6.845226E-3
7.465164E0;9.941984E-2;-2.293555E-2
7.498491E0;9.844838E-2;-3.750219E-2
7.531817E0;9.692053E-2;-4.545896E-2
7.565144E0;9.541829E-2;-4.567458E-2
7.598470E0;9.387606E-2;-3.845881E-2
7.631797E0;9.285479E-2;-2.375211E-2
7.665124E0;9.229285E-2;-7.134122E-3
7.698450E0;9.237926E-2;1.102133E-2
7.731777E0;9.302749E-2;2.661914E-2
7.765104E0;9.415358E-2;4.029023E-2
7.798430E0;9.571305E-2;4.599446E-2
7.831757E0;9.721885E-2;4.436006E-2
7.865083E0;9.867138E-2;3.730611E-2
7.898410E0;9.970551E-2;1.969866E-2
7.931737E0;9.998374E-2;8.483533E-4
7.965063E0;9.976206E-2;-1.585016E-2
7.998390E0;9.892742E-2;-3.096784E-2
8.031717E0;9.769823E-2;-4.066115E-2
8.065043E0;9.621713E-2;-4.603949E-2
8.098370E0;9.462893E-2;-4.458812E-2
8.131696E0;9.324508E-2;-3.184529E-2
8.165023E0;9.250661E-2;-1.485932E-2
8.198350E0;9.225479E-2;1.855190E-3
8.231676E0;9.263027E-2;1.906630E-2
8.265003E0;9.352567E-2;3.498150E-2
8.298330E0;9.496198E-2;4.405727E-2
8.331656E0;9.646282E-2;4.618185E-2
8.364983E0;9.804026E-2;4.088996E-2
8.398309E0;9.918791E-2;2.804398E-2
8.431636E0;9.990924E-2;1.171116E-2
8.464963E0;9.996852E-2;-7.259455E-3
8.498289E0;9.942535E-2;-2.312622E-2
8.531616E0;9.842703E-2;-3.761577E-2
8.564943E0;9.691805E-2;-4.479174E-2
8.598269E0;9.544141E-2;-4.503845E-2
8.631596E0;9.391599E-2;-3.807902E-2
8.664922E0;9.290366E-2;-2.349408E-2
8.698249E0;9.235024E-2;-7.548271E-3
8.731576E0;9.240052E-2;1.105944E-2
8.764902E0;9.308741E-2;2.653187E-2
8.798229E0;9.416872E-2;4.004818E-2
8.831556E0;9.575685E-2;4.650520E-2
8.864882E0;9.726907E-2;4.398796E-2
8.898209E0;9.868889E-2;3.500178E-2
8.931535E0;9.960174E-2;1.982248E-2
8.964862E0;1.000102E-1;2.532885E-3
8.998189E0;9.977057E-2;-1.630921E-2
9.031515E0;9.892325E-2;-3.081699E-2
9.064842E0;9.771645E-2;-4.209101E-2
9.098169E0;9.611765E-2;-4.590984E-2
9.131495E0;9.465631E-2;-4.224501E-2
9.164822E0;9.330179E-2;-3.121535E-2
9.198148E0;9.257598E-2;-1.442269E-2
9.231475E0;9.234043E-2;2.223517E-3
9.264802E0;9.272419E-2;1.869411E-2
9.298128E0;9.358629E-2;3.424032E-2
9.331455E0;9.500649E-2;4.365264E-2
9.364782E0;9.649647E-2;4.566912E-2
9.398108E0;9.805059E-2;4.173537E-2
9.431435E0;9.927790E-2;2.724241E-2
9.464761E0;9.986645E-2;9.948433E-3
9.498088E0;9.994102E-2;-7.321200E-3
9.531415E0;9.937853E-2;-2.370867E-2
9.564741E0;9.836070E-2;-3.743484E-2
9.598068E0;9.688329E-2;-4.475485E-2
9.631395E0;9.537804E-2;-4.522919E-2
9.664721E0;9.386852E-2;-3.702469E-2
9.698048E0;9.290973E-2;-2.247142E-2
9.731374E0;9.237067E-2;-6.875328E-3
9.764701E0;9.245153E-2;1.217705E-2
9.798028E0;9.318221E-2;2.755096E-2
9.831354E0;9.428795E-2;3.961447E-2
9.864681E0;9.582273E-2;4.529551E-2
9.898008E0;9.730715E-2;4.367968E-2
9.931334E0;9.873422E-2;3.591249E-2
9.964661E0;9.970091E-2;2.016422E-2
9.997987E0;1.000783E-1;1.820296E-3
1.003131E1;9.982223E-2;-1.680606E-2
1.006464E1;9.895806E-2;-3.345391E-2
1.009797E1;9.759234E-2;-4.228789E-2
1.013129E1;9.613934E-2;-4.501833E-2
1.016462E1;9.459162E-2;-4.128393E-2
1.019795E1;9.338800E-2;-3.069947E-2
1.023127E1;9.254533E-2;-1.597855E-2
1.026460E1;9.232294E-2;2.521424E-3
1.029793E1;9.271336E-2;2.118961E-2
1.033125E1;9.373534E-2;3.416797E-2
1.036458E1;9.499123E-2;4.263557E-2
1.039791E1;9.657724E-2;4.498846E-2
1.043123E1;9.798946E-2;3.932907E-2
1.046456E1;9.919830E-2;2.841756E-2
1.049789E1;9.988365E-2;1.150558E-2
1.053121E1;9.996521E-2;-7.209884E-3
1.056454E1;9.940307E-2;-2.532193E-2
1.059787E1;9.827737E-2;-3.759970E-2
1.063119E1;9.689684E-2;-4.476950E-2
1.066452E1;9.529323E-2;-4.387296E-2
1.069785E1;9.397295E-2;-3.588767E-2
1.073117E1;9.290112E-2;-2.456695E-2
1.076450E1;9.233543E-2;-7.085758E-3
1.079783E1;9.242889E-2;1.256794E-2
1.083115E1;9.317315E-2;2.752404E-2
1.086448E1;9.426352E-2;3.967936E-2
1.089781E1;9.581800E-2;4.523809E-2
1.093113E1;9.727889E-2;4.294672E-2
1.096446E1;9.868016E-2;3.544079E-2
1.099779E1;9.964122E-2;1.985600E-2
1.103111E1;1.000037E-1;1.337900E-3
1.106444E1;9.973040E-2;-1.697075E-2
1.109777E1;9.887248E-2;-3.303778E-2
1.113109E1;9.752861E-2;-4.082341E-2
1.116442E1;9.615137E-2;-4.456429E-2
1.119775E1;9.455815E-2;-4.117004E-2
1.123107E1;9.340762E-2;-2.942934E-2
1.126440E1;9.259653E-2;-1.570655E-2
1.129773E1;9.236069E-2;2.473629E-3
1.133105E1;9.276141E-2;2.082724E-2
1.136438E1;9.374894E-2;3.411541E-2
1.139771E1;9.503501E-2;4.255058E-2
1.143103E1;9.658517E-2;4.424483E-2
1.146436E1;9.798417E-2;3.895990E-2
1.149769E1;9.918207E-2;2.797577E-2
1.153101E1;9.984891E-2;1.067303E-2
1.156434E1;9.989336E-2;-8.237863E-3
1.159767E1;9.929981E-2;-2.592983E-2
1.163099E1;9.816500E-2;-3.733598E-2
1.166432E1;9.681116E-2;-4.366286E-2
1.169765E1;9.525462E-2;-4.335115E-2
1.173097E1;9.392157E-2;-3.554511E-2
1.176430E1;9.288535E-2;-2.351609E-2
1.179763E1;9.235435E-2;-6.353863E-3
1.183095E1;9.246182E-2;1.233898E-2
1.186428E1;9.317681E-2;2.741013E-2
1.189761E1;9.428856E-2;3.923779E-2
1.193093E1;9.579223E-2;4.465224E-2
1.196426E1;9.726488E-2;4.229605E-2
1.199758E1;9.861150E-2;3.462926E-2
1.203091E1;9.957311E-2;2.037372E-2
1.206424E1;9.996929E-2;1.625814E-3
1.209756E1;9.968148E-2;-1.729480E-2
1.213089E1;9.881650E-2;-3.263039E-2
1.216422E1;9.750648E-2;-4.081680E-2
1.219754E1;9.609583E-2;-4.454464E-2
1.223087E1;9.453733E-2;-4.036658E-2
1.226420E1;9.340518E-2;-2.878392E-2
1.229752E1;9.261905E-2;-1.478309E-2
1.233085E1;9.241980E-2;2.895292E-3
1.236418E1;9.281203E-2;2.113381E-2
1.239750E1;9.382825E-2;3.432499E-2
1.243083E1;9.509998E-2;4.087049E-2
1.246416E1;9.655250E-2;4.427864E-2
1.249748E1;9.805091E-2;4.058085E-2
1.253081E1;9.925744E-2;2.782241E-2
1.256414E1;9.990574E-2;1.035166E-2
1.259746E1;9.994743E-2;-7.866115E-3
1.263079E1;9.938150E-2;-2.613876E-2
1.266412E1;9.820514E-2;-3.735285E-2
1.269744E1;9.689173E-2;-4.289869E-2
1.273077E1;9.534570E-2;-4.351842E-2
1.276410E1;9.399098E-2;-3.583091E-2
1.279742E1;9.295777E-2;-2.273719E-2
1.283075E1;9.247542E-2;-5.621398E-3
1.286408E1;9.258307E-2;1.218020E-2
1.289740E1;9.328730E-2;2.675081E-2
1.293073E1;9.436616E-2;3.874939E-2
1.296406E1;9.586973E-2;4.412406E-2
1.299738E1;9.730679E-2;4.229089E-2
1.303071E1;9.868866E-2;3.507896E-2
1.306404E1;9.964499E-2;1.969598E-2
1.309736E1;1.000015E-1;1.069257E-3
1.313069E1;9.971626E-2;-1.749075E-2
1.316402E1;9.883565E-2;-3.331644E-2
1.319734E1;9.749554E-2;-4.104601E-2
1.323067E1;9.609970E-2;-4.381632E-2
1.326400E1;9.457494E-2;-3.953205E-2
1.329732E1;9.346511E-2;-2.911003E-2
1.333065E1;9.263459E-2;-1.484742E-2
1.336398E1;9.247545E-2;4.041149E-3
1.339730E1;9.290391E-2;1.955435E-2
1.343063E1;9.377885E-2;3.334028E-2
1.346396E1;9.512623E-2;4.349335E-2
1.349728E1;9.667744E-2;4.377321E-2
1.353061E1;9.804396E-2;3.843947E-2
1.356394E1;9.923965E-2;2.761768E-2
1.359726E1;9.988483E-2;9.762974E-3
1.363059E1;9.989040E-2;-8.724754E-3
1.366392E1;9.930337E-2;-2.554387E-2
1.369724E1;9.818805E-2;-3.646577E-2
1.373057E1;9.687272E-2;-4.330528E-2
1.376390E1;9.530103E-2;-4.516601E-2
1.379722E1;9.386216E-2;-3.490693E-2
1.383055E1;9.297429E-2;-2.052604E-2
1.386388E1;9.249398E-2;-5.045974E-3
1.389720E1;9.263795E-2;1.325716E-2
1.393053E1;9.337765E-2;2.694225E-2
1.396386E1;9.443350E-2;3.838263E-2
1.399718E1;9.593564E-2;4.404169E-2
1.403051E1;9.736912E-2;4.174636E-2
1.406384E1;9.871826E-2;3.450735E-2
1.409716E1;9.966884E-2;1.932779E-2
1.413049E1;1.000066E-1;1.003833E-3
1.416382E1;9.973576E-2;-1.735510E-2
1.419714E1;9.884995E-2;-3.331326E-2
1.423047E1;9.751524E-2;-4.120544E-2
1.426380E1;9.610292E-2;-4.369543E-2
1.429712E1;9.460270E-2;-3.951099E-2
1.433045E1;9.346973E-2;-2.884095E-2
1.436378E1;9.268029E-2;-1.481312E-2
1.439710E1;9.248235E-2;4.176432E-3
1.443043E1;9.295862E-2;2.194929E-2
1.446376E1;9.394540E-2;3.321824E-2
1.449708E1;9.517391E-2;4.197959E-2
1.453041E1;9.674357E-2;4.339648E-2
1.456374E1;9.806508E-2;3.720035E-2
1.459706E1;9.922277E-2;2.728951E-2
1.463039E1;9.988408E-2;9.817657E-3
1.466371E1;9.987717E-2;-8.967636E-3
1.469704E1;9.928634E-2;-2.578355E-2
1.473037E1;9.815855E-2;-3.721910E-2
1.476369E1;9.680548E-2;-4.285428E-2
1.479702E1;9.530207E-2;-4.384443E-2
1.483035E1;9.388349E-2;-3.475982E-2
1.486367E1;9.298514E-2;-2.044487E-2
1.489700E1;9.252072E-2;-5.091389E-3
1.493033E1;9.264583E-2;1.245407E-2
1.496365E1;9.335086E-2;2.687480E-2
1.499698E1;9.443748E-2;3.870919E-2
1.503031E1;9.593104E-2;4.383667E-2
1.506363E1;9.735895E-2;4.171587E-2
1.509696E1;9.871163E-2;3.408234E-2
1.513029E1;9.963073E-2;1.894419E-2
1.516361E1;9.997416E-2;7.834163E-4
1.519694E1;9.968295E-2;-1.772148E-2
1.523027E1;9.879292E-2;-3.312759E-2
1.526359E1;9.747481E-2;-4.042578E-2
1.529692E1;9.609832E-2;-4.326184E-2
1.533025E1;9.459165E-2;-3.910538E-2
1.536357E1;9.349173E-2;-2.784477E-2
1.539690E1;9.273564E-2;-1.443777E-2
1.543023E1;9.252937E-2;3.689046E-3
1.546355E1;9.298153E-2;1.982073E-2
1.549688E1;9.385031E-2;3.342683E-2
1.553021E1;9.520962E-2;4.158258E-2
1.556353E1;9.662202E-2;4.331562E-2
1.559686E1;9.809685E-2;3.889471E-2
1.563019E1;9.921457E-2;2.660938E-2
1.566351E1;9.987021E-2;9.656336E-3
1.569684E1;9.985822E-2;-8.995461E-3
1.573017E1;9.927051E-2;-2.536007E-2
1.576349E1;9.816783E-2;-3.671171E-2
1.579682E1;9.682388E-2;-4.288489E-2
1.583015E1;9.530979E-2;-4.200420E-2
1.586347E1;9.402407E-2;-3.428819E-2
1.589680E1;9.302429E-2;-2.206202E-2
1.593013E1;9.255376E-2;-5.547567E-3
1.596345E1;9.265452E-2;1.260488E-2
1.599678E1;9.339408E-2;2.695455E-2
1.603011E1;9.445089E-2;3.807590E-2
1.606343E1;9.593163E-2;4.365225E-2
1.609676E1;9.736104E-2;4.119129E-2
1.613009E1;9.867726E-2;3.308732E-2
1.616341E1;9.956613E-2;1.669550E-2
1.619674E1;9.979011E-2;4.313179E-4
1.623007E1;9.959487E-2;-1.499429E-2
1.626339E1;9.879066E-2;-3.183668E-2
1.629672E1;9.747243E-2;-4.004599E-2
1.633005E1;9.612181E-2;-4.272910E-2
1.636337E1;9.462477E-2;-4.072747E-2
1.639670E1;9.340710E-2;-2.775754E-2
1.643003E1;9.277489E-2;-1.232061E-2
1.646335E1;9.258586E-2;3.752490E-3
1.649668E1;9.302501E-2;1.922981E-2
1.653001E1;9.386742E-2;3.260846E-2
1.656333E1;9.519855E-2;4.106284E-2
1.659666E1;9.660495E-2;4.325614E-2
1.662999E1;9.808181E-2;3.906931E-2
1.666331E1;9.920870E-2;2.429719E-2
1.669664E1;9.970135E-2;7.188145E-3
1.672997E1;9.968783E-2;-8.810256E-3
1.676329E1;9.911420E-2;-2.308382E-2
1.679662E1;9.814916E-2;-3.654959E-2
1.682995E1;9.667796E-2;-4.262177E-2
1.686327E1;9.530819E-2;-4.168799E-2
1.689660E1;9.389923E-2;-3.599995E-2
1.692993E1;9.290899E-2;-2.044387E-2
1.696325E1;9.253653E-2;-3.007094E-3
1.699658E1;9.270855E-2;1.180675E-2
1.702991E1;9.332338E-2;2.708733E-2
1.706323E1;9.451407E-2;3.773360E-2
1.709656E1;9.583854E-2;4.261186E-2
1.712989E1;9.735439E-2;4.219922E-2
1.716321E1;9.865135E-2;3.088550E-2
1.719654E1;9.941308E-2;1.629469E-2
1.722986E1;9.973748E-2;8.654779E-5
1.726319E1;9.941885E-2;-1.755596E-2
1.729652E1;9.856728E-2;-3.043065E-2
1.732984E1;9.739081E-2;-4.017991E-2
1.736317E1;9.588951E-2;-4.295265E-2
1.739650E1;9.452778E-2;-3.815758E-2
1.742982E1;9.334567E-2;-2.681190E-2
1.746315E1;9.274062E-2;-1.136540E-2
1.749648E1;9.258811E-2;2.033905E-3
1.752980E1;9.287619E-2;1.881026E-2
1.756313E1;9.384171E-2;3.554595E-2
1.759646E1;9.524553E-2;4.189337E-2
1.762978E1;9.663413E-2;4.247262E-2
1.766311E1;9.807609E-2;3.638153E-2
1.769644E1;9.905876E-2;2.374972E-2
1.772976E1;9.965914E-2;9.398302E-3
1.776309E1;9.968521E-2;-8.816285E-3
1.779642E1;9.907158E-2;-2.386361E-2
1.782974E1;9.809457E-2;-3.639066E-2
1.786307E1;9.664594E-2;-4.214326E-2
1.789640E1;9.528548E-2;-4.074248E-2
1.792972E1;9.393023E-2;-3.528123E-2
1.796305E1;9.293379E-2;-2.148440E-2
1.799638E1;9.249818E-2;-4.512054E-3
1.802970E1;9.263304E-2;1.351797E-2
1.806303E1;9.339922E-2;2.924951E-2
1.809636E1;9.458236E-2;3.754391E-2
1.812968E1;9.590173E-2;4.207361E-2
1.816301E1;9.738680E-2;4.163682E-2
1.819634E1;9.867660E-2;3.004175E-2
1.822966E1;9.938925E-2;1.486744E-2
1.826299E1;9.966760E-2;-5.145590E-4
1.829632E1;9.935495E-2;-1.812559E-2
1.832964E1;9.845942E-2;-3.109863E-2
1.836297E1;9.728240E-2;-3.982594E-2
1.839630E1;9.580480E-2;-4.195311E-2
1.842962E1;9.448599E-2;-3.768061E-2
1.846295E1;9.329318E-2;-2.921580E-2
1.849628E1;9.253860E-2;-1.115026E-2
1.852960E1;9.255008E-2;5.289663E-3
1.856293E1;9.289118E-2;1.985091E-2
1.859626E1;9.387325E-2;3.292216E-2
1.862958E1;9.508526E-2;4.138951E-2
1.866291E1;9.663209E-2;4.225420E-2
1.869624E1;9.790174E-2;3.543658E-2
1.872956E1;9.899414E-2;2.507613E-2
1.876289E1;9.957320E-2;8.843141E-3
1.879622E1;9.958349E-2;-8.657481E-3
1.882954E1;9.899613E-2;-2.521175E-2
1.886287E1;9.790270E-2;-3.587684E-2
1.889620E1;9.660474E-2;-4.218541E-2
1.892952E1;9.509128E-2;-4.052437E-2
1.896285E1;9.390357E-2;-3.242900E-2
1.899618E1;9.292971E-2;-2.135771E-2
1.902950E1;9.248019E-2;-4.062233E-3
1.906283E1;9.265893E-2;1.420556E-2
1.909616E1;9.342707E-2;2.919070E-2
1.912948E1;9.460433E-2;3.717155E-2
1.916281E1;9.590476E-2;4.175097E-2
1.919614E1;9.738773E-2;3.925548E-2
1.922946E1;9.852092E-2;2.972623E-2
1.926279E1;9.936882E-2;1.677188E-2
1.929612E1;9.963905E-2;-5.784315E-4
1.932944E1;9.933026E-2;-1.792405E-2
1.936277E1;9.844451E-2;-3.049303E-2
1.939610E1;9.729773E-2;-3.978186E-2
1.942942E1;9.579283E-2;-4.222980E-2
1.946275E1;9.448288E-2;-3.694765E-2
1.949608E1;9.333006E-2;-2.742082E-2
1.952940E1;9.265544E-2;-1.199477E-2
1.956273E1;9.253068E-2;5.267207E-3
1.959606E1;9.300653E-2;2.199734E-2
1.962938E1;9.399692E-2;3.302447E-2
1.966271E1;9.520816E-2;4.057578E-2
1.969604E1;9.670152E-2;4.283591E-2
1.972936E1;9.806246E-2;3.483890E-2
1.976269E1;9.902373E-2;2.286272E-2
1.979602E1;9.958638E-2;8.604090E-3
1.982934E1;9.959715E-2;-9.431203E-3
1.986267E1;9.895774E-2;-2.421878E-2
1.989599E1;9.798283E-2;-3.647907E-2
1.992932E1;9.652661E-2;-4.161754E-2
1.996265E1;9.520879E-2;-4.008807E-2
1.999597E1;9.385452E-2;-3.438907E-2
2.002930E1;9.291657E-2;-2.060639E-2
2.006263E1;9.248099E-2;-4.074343E-3
2.009595E1;9.264499E-2;1.408551E-2
2.012928E1;9.341987E-2;2.957391E-2
2.016261E1;9.461593E-2;3.773500E-2
2.019593E1;9.593512E-2;4.196340E-2
2.022926E1;9.741302E-2;4.067675E-2
2.026259E1;9.864600E-2;2.878917E-2
2.029591E1;9.933198E-2;1.452060E-2
2.032924E1;9.961404E-2;-4.776317E-4
2.036257E1;9.930014E-2;-1.786983E-2
2.039589E1;9.842311E-2;-3.034843E-2
2.042922E1;9.727725E-2;-3.996025E-2
2.046255E1;9.575909E-2;-4.179293E-2
2.049587E1;9.449152E-2;-3.622784E-2
2.052920E1;9.334471E-2;-2.779205E-2
2.056253E1;9.263902E-2;-1.179853E-2
2.059585E1;9.255827E-2;5.807530E-3
2.062918E1;9.302606E-2;2.154596E-2
2.066251E1;9.399443E-2;3.350202E-2
2.069583E1;9.525916E-2;4.149468E-2
2.072916E1;9.676028E-2;4.285146E-2
2.076249E1;9.811545E-2;3.427778E-2
2.079581E1;9.904470E-2;2.252799E-2
2.082914E1;9.961681E-2;7.949138E-3
2.086247E1;9.957456E-2;-9.448163E-3
2.089579E1;9.898694E-2;-2.369601E-2
2.092912E1;9.799509E-2;-3.636423E-2
2.096245E1;9.656346E-2;-4.192906E-2
2.099577E1;9.520028E-2;-4.034151E-2
2.102910E1;9.387223E-2;-3.373913E-2
2.106243E1;9.295138E-2;-2.002488E-2
2.109575E1;9.253858E-2;-3.587570E-3
2.112908E1;9.271205E-2;1.417376E-2
2.116241E1;9.348334E-2;2.982594E-2
2.119573E1;9.469813E-2;3.788127E-2
2.122906E1;9.600833E-2;4.146872E-2
2.126239E1;9.746225E-2;3.840436E-2
2.129571E1;9.856777E-2;2.846190E-2
2.132904E1;9.935939E-2;1.570149E-2
2.136237E1;9.961436E-2;-1.107049E-3
2.139569E1;9.928560E-2;-1.847905E-2
2.142902E1;9.838263E-2;-3.046981E-2
2.146235E1;9.725496E-2;-3.878032E-2
2.149567E1;9.579771E-2;-4.108723E-2
2.152900E1;9.451627E-2;-3.585191E-2
2.156233E1;9.340798E-2;-2.683170E-2
2.159565E1;9.272778E-2;-1.213847E-2
2.162898E1;9.259902E-2;5.390280E-3
2.166231E1;9.308708E-2;2.188578E-2
2.169563E1;9.405783E-2;3.286291E-2
2.172896E1;9.527757E-2;4.078867E-2
2.176229E1;9.677662E-2;4.303020E-2
2.179561E1;9.814530E-2;3.383696E-2
2.182894E1;9.903204E-2;2.092535E-2
2.186227E1;9.954009E-2;6.454559E-3
2.189559E1;9.946220E-2;-1.051319E-2
2.192892E1;9.883933E-2;-2.427186E-2
2.196225E1;9.784435E-2;-3.600205E-2
2.199557E1;9.643959E-2;-4.023132E-2
2.202890E1;9.516271E-2;-3.915691E-2
2.206223E1;9.382956E-2;-3.383674E-2
2.209555E1;9.290730E-2;-1.942080E-2
2.212888E1;9.253527E-2;-2.799058E-3
2.216221E1;9.272076E-2;1.494581E-2
2.219553E1;9.353150E-2;2.992851E-2
2.222886E1;9.471599E-2;3.754085E-2
2.226219E1;9.603380E-2;4.129193E-2
2.229551E1;9.746787E-2;3.776412E-2
2.232884E1;9.855057E-2;2.778132E-2
2.236217E1;9.931965E-2;1.502579E-2
2.239549E1;9.955212E-2;-1.865144E-3
2.242882E1;9.919535E-2;-1.874837E-2
2.246215E1;9.830244E-2;-3.084058E-2
2.249547E1;9.713931E-2;-3.888655E-2
2.252880E1;9.571000E-2;-4.100205E-2
2.256212E1;9.440629E-2;-3.561734E-2
2.259545E1;9.333631E-2;-2.599699E-2
2.262878E1;9.267374E-2;-1.094045E-2
2.266210E1;9.260706E-2;6.176942E-3
2.269543E1;9.308547E-2;2.216567E-2
2.272876E1;9.408428E-2;3.305188E-2
2.276208E1;9.528856E-2;4.009003E-2
2.279541E1;9.675651E-2;4.259180E-2
2.282874E1;9.812754E-2;3.351917E-2
2.286206E1;9.899074E-2;2.067871E-2
2.289539E1;9.950566E-2;6.480369E-3
2.292872E1;9.942270E-2;-1.087748E-2
2.296204E1;9.878061E-2;-2.440589E-2
2.299537E1;9.779618E-2;-3.603380E-2
2.302870E1;9.637876E-2;-4.107606E-2
2.306202E1;9.505778E-2;-3.872459E-2
2.309535E1;9.379755E-2;-3.232429E-2
2.312868E1;9.290354E-2;-1.838537E-2
2.316200E1;9.257227E-2;-2.557882E-3
2.319533E1;9.273304E-2;1.437174E-2
2.322866E1;9.353023E-2;3.066143E-2
2.326198E1;9.477680E-2;3.779370E-2
2.329531E1;9.604939E-2;4.091312E-2
2.332864E1;9.750343E-2;3.732508E-2
2.336196E1;9.853731E-2;2.772323E-2
2.339529E1;9.935134E-2;1.499581E-2
2.342862E1;9.953686E-2;-2.729213E-3
2.346194E1;9.916942E-2;-1.928352E-2
2.349527E1;9.825151E-2;-3.090230E-2
2.352860E1;9.710961E-2;-3.907224E-2
2.356192E1;9.564756E-2;-4.079623E-2
2.359525E1;9.439032E-2;-3.566624E-2
2.362858E1;9.327021E-2;-2.615637E-2
2.366190E1;9.264685E-2;-9.882468E-3
2.369523E1;9.261149E-2;6.867001E-3
2.372856E1;9.310457E-2;2.271813E-2
2.376188E1;9.412578E-2;3.361711E-2
2.379521E1;9.534497E-2;3.998877E-2
2.382854E1;9.679081E-2;4.212018E-2
2.386186E1;9.815251E-2;3.309203E-2
2.389519E1;9.899658E-2;2.049867E-2
2.392852E1;9.951863E-2;5.602655E-3
2.396184E1;9.937002E-2;-1.178204E-2
2.399517E1;9.873329E-2;-2.437001E-2
2.402850E1;9.774563E-2;-3.592932E-2
2.406182E1;9.633841E-2;-4.059013E-2
2.409515E1;9.504007E-2;-3.859329E-2
2.412848E1;9.376595E-2;-3.280260E-2
2.416180E1;9.285396E-2;-1.824563E-2
2.419513E1;9.254978E-2;-1.262370E-3
2.422846E1;9.276981E-2;1.523921E-2
2.426178E1;9.356538E-2;2.985156E-2
2.429511E1;9.475959E-2;3.767669E-2
2.432844E1;9.607675E-2;4.067664E-2
2.436176E1;9.747091E-2;3.851068E-2
2.439509E1;9.864370E-2;2.694216E-2
2.442842E1;9.926675E-2;1.256672E-2
2.446174E1;9.948134E-2;-2.568610E-3
2.449507E1;9.909554E-2;-1.758585E-2
2.452840E1;9.830914E-2;-3.096206E-2
2.456172E1;9.703209E-2;-3.902599E-2
2.459505E1;9.570784E-2;-4.058111E-2
2.462838E1;9.432714E-2;-3.725460E-2
2.466170E1;9.322462E-2;-2.389556E-2
2.469503E1;9.273437E-2;-8.037217E-3
2.472836E1;9.268898E-2;7.362131E-3
2.476168E1;9.322509E-2;2.172088E-2
2.479501E1;9.413680E-2;3.345148E-2
2.482834E1;9.545482E-2;3.955297E-2
2.486166E1;9.677322E-2;3.954349E-2
2.489499E1;9.809061E-2;3.463765E-2
2.492832E1;9.908202E-2;2.170465E-2
2.496164E1;9.953711E-2;5.500980E-3
2.499497E1;9.944863E-2;-1.123148E-2
2.502830E1;9.878847E-2;-2.687440E-2
2.506162E1;9.765730E-2;-3.557226E-2
2.509495E1;9.641738E-2;-4.006606E-2
2.512828E1;9.498667E-2;-3.996653E-2
2.516160E1;9.375383E-2;-2.980418E-2
2.519493E1;9.300006E-2;-1.574039E-2
2.522825E1;9.270465E-2;-7.895205E-4
2.526158E1;9.294744E-2;1.531652E-2
2.529491E1;9.372558E-2;2.729262E-2
2.532823E1;9.476695E-2;3.740564E-2
2.536156E1;9.621887E-2;4.094928E-2
2.539489E1;9.749599E-2;3.678018E-2
2.542821E1;9.867047E-2;2.843791E-2
2.546154E1;9.939154E-2;1.363740E-2
2.549487E1;9.957948E-2;-3.166965E-3
2.552819E1;9.918044E-2;-1.945607E-2
2.556152E1;9.828284E-2;-3.128344E-2
2.559485E1;9.709523E-2;-3.930123E-2
2.562817E1;9.566320E-2;-4.181734E-2
2.566150E1;9.430833E-2;-3.418121E-2
2.569483E1;9.338521E-2;-2.276175E-2
2.572815E1;9.279113E-2;-9.183142E-3
2.576148E1;9.277300E-2;8.327826E-3
2.579481E1;9.334623E-2;2.186316E-2
2.582813E1;9.423006E-2;3.355291E-2
2.586146E1;9.558272E-2;4.016967E-2
2.589479E1;9.690804E-2;3.885816E-2
2.592811E1;9.817240E-2;3.434035E-2
2.596144E1;9.919663E-2;2.198135E-2
2.599477E1;9.963758E-2;4.648985E-3
2.602809E1;9.950646E-2;-1.244819E-2
2.606142E1;9.880784E-2;-2.752479E-2
2.609475E1;9.767178E-2;-3.585558E-2
2.612807E1;9.641786E-2;-4.029205E-2
2.616140E1;9.498609E-2;-3.837952E-2
2.619473E1;9.386008E-2;-2.898724E-2
2.622805E1;9.305393E-2;-1.696225E-2
2.626138E1;9.272945E-2;-8.896755E-4
2.629471E1;9.299463E-2;1.449537E-2
2.632803E1;9.369565E-2;2.860134E-2
2.636136E1;9.490107E-2;3.948077E-2
2.639469E1;9.632726E-2;4.058044E-2
2.642801E1;9.760553E-2;3.633988E-2
2.646134E1;9.874952E-2;2.835113E-2
2.649467E1;9.949529E-2;1.369389E-2
2.652799E1;9.966214E-2;-3.747680E-3
2.656132E1;9.924548E-2;-2.045529E-2
2.659465E1;9.829845E-2;-3.351767E-2
2.662797E1;9.701134E-2;-3.867793E-2
2.666130E1;9.572079E-2;-3.992312E-2
2.669463E1;9.435025E-2;-3.430334E-2
2.672795E1;9.343428E-2;-2.231918E-2
2.676128E1;9.286280E-2;-8.609452E-3
2.679461E1;9.286041E-2;7.806111E-3
2.682793E1;9.338312E-2;2.135494E-2
2.686126E1;9.428360E-2;3.333503E-2
2.689459E1;9.560508E-2;3.969943E-2
2.692791E1;9.692979E-2;3.870565E-2
2.696124E1;9.818460E-2;3.355093E-2
2.699457E1;9.916614E-2;2.179938E-2
2.702789E1;9.963765E-2;4.942516E-3
2.706122E1;9.949559E-2;-1.255965E-2
2.709455E1;9.880034E-2;-2.752933E-2
2.712787E1;9.766060E-2;-3.569161E-2
2.716120E1;9.642169E-2;-3.961276E-2
2.719453E1;9.502019E-2;-3.949000E-2
2.722785E1;9.378946E-2;-2.911911E-2
2.726118E1;9.307957E-2;-1.492297E-2
2.729451E1;9.279476E-2;-5.129072E-4
2.732783E1;9.304538E-2;1.381543E-2
2.736116E1;9.371579E-2;2.808117E-2
2.739449E1;9.491715E-2;3.924646E-2
2.742781E1;9.633092E-2;4.034290E-2
2.746114E1;9.760578E-2;3.593704E-2
2.749447E1;9.872632E-2;2.770129E-2
2.752779E1;9.945222E-2;1.322870E-2
2.756112E1;9.960823E-2;-3.988950E-3
2.759445E1;9.918633E-2;-2.072227E-2
2.762777E1;9.822721E-2;-3.284271E-2
2.766110E1;9.699536E-2;-3.772212E-2
2.769443E1;9.571324E-2;-3.961195E-2
2.772775E1;9.435721E-2;-3.378962E-2
2.776108E1;9.345947E-2;-2.240462E-2
2.779441E1;9.286406E-2;-8.789614E-3
2.782773E1;9.287389E-2;8.118966E-3
2.786106E1;9.340533E-2;2.131663E-2
2.789438E1;9.429452E-2;3.299823E-2
2.792771E1;9.560447E-2;3.901561E-2
2.796104E1;9.689513E-2;3.829853E-2
2.799436E1;9.815728E-2;3.295076E-2
2.802769E1;9.909111E-2;2.061640E-2
2.806102E1;9.953148E-2;4.551703E-3
2.809434E1;9.939451E-2;-1.211035E-2
2.812767E1;9.872426E-2;-2.657110E-2
2.816100E1;9.762340E-2;-3.520787E-2
2.819432E1;9.637785E-2;-3.964766E-2
2.822765E1;9.498066E-2;-3.903484E-2
2.826098E1;9.377596E-2;-2.850550E-2
2.829430E1;9.308093E-2;-1.493952E-2
2.832763E1;9.278016E-2;1.585511E-7
2.836096E1;9.308094E-2;1.474489E-2
2.839428E1;9.376299E-2;2.817379E-2
2.842761E1;9.495888E-2;3.879891E-2
2.846094E1;9.634915E-2;3.951497E-2
2.849426E1;9.759277E-2;3.528491E-2
2.852759E1;9.870069E-2;2.710184E-2
2.856092E1;9.939926E-2;1.303288E-2
2.859424E1;9.956941E-2;-3.800429E-3
2.862757E1;9.914594E-2;-2.044402E-2
2.866090E1;9.820670E-2;-3.092760E-2
2.869422E1;9.708444E-2;-3.815539E-2
2.872755E1;9.566343E-2;-4.092071E-2
2.876088E1;9.435685E-2;-3.308474E-2
2.879420E1;9.345852E-2;-2.197078E-2
2.882753E1;9.289262E-2;-8.558774E-3
2.886086E1;9.288793E-2;7.951682E-3
2.889418E1;9.342264E-2;2.194906E-2
2.892751E1;9.435072E-2;3.361648E-2
2.896084E1;9.566337E-2;3.934522E-2
2.899416E1;9.697329E-2;3.811282E-2
2.902749E1;9.820338E-2;3.280359E-2
2.906082E1;9.915984E-2;2.033036E-2
2.909414E1;9.955851E-2;3.869454E-3
2.912747E1;9.941771E-2;-1.219987E-2
2.916080E1;9.874532E-2;-2.655593E-2
2.919412E1;9.764761E-2;-3.464297E-2
2.922745E1;9.643617E-2;-3.908604E-2
2.926078E1;9.504231E-2;-3.689994E-2
2.929410E1;9.397659E-2;-2.781354E-2
2.932743E1;9.318838E-2;-1.619792E-2
2.936076E1;9.289709E-2;7.266389E-5
2.939408E1;9.319323E-2;1.634717E-2
2.942741E1;9.398671E-2;2.750556E-2
2.946074E1;9.502663E-2;3.603709E-2
2.949406E1;9.638879E-2;3.852247E-2
2.952739E1;9.759393E-2;3.466400E-2
2.956072E1;9.869934E-2;2.733109E-2
2.959404E1;9.941570E-2;1.284442E-2
2.962737E1;9.955534E-2;-4.279979E-3
2.966070E1;9.913042E-2;-2.027603E-2
2.969402E1;9.820383E-2;-3.072486E-2
2.972735E1;9.708244E-2;-3.807684E-2
2.976068E1;9.566580E-2;-4.072115E-2
2.979400E1;9.436860E-2;-3.230190E-2
2.982733E1;9.351270E-2;-2.078455E-2
2.986066E1;9.298319E-2;-7.631408E-3
2.989398E1;9.300402E-2;8.367116E-3
2.992731E1;9.354091E-2;2.159165E-2
2.996064E1;9.444299E-2;3.317573E-2
2.999396E1;9.575225E-2;3.865552E-2
3.002729E1;9.701959E-2;3.787545E-2
3.006062E1;9.827686E-2;3.256289E-2
3.009394E1;9.919009E-2;1.954350E-2
3.012727E1;9.957933E-2;3.698423E-3
3.016060E1;9.943661E-2;-1.218355E-2
3.019392E1;9.876723E-2;-2.712433E-2
3.022725E1;9.762893E-2;-3.563698E-2
3.026058E1;9.639182E-2;-3.942011E-2
3.029390E1;9.500136E-2;-3.848043E-2
3.032723E1;9.382689E-2;-2.741565E-2
3.036056E1;9.317395E-2;-1.335920E-2
3.039388E1;9.293642E-2;3.268945E-4
3.042721E1;9.319574E-2;1.439464E-2
3.046054E1;9.389575E-2;2.816364E-2
3.049386E1;9.507300E-2;3.650200E-2
3.052719E1;9.632881E-2;3.894534E-2
3.056051E1;9.766893E-2;3.709431E-2
3.059384E1;9.880135E-2;2.656394E-2
3.062717E1;9.943927E-2;1.139273E-2
3.066049E1;9.956074E-2;-4.352075E-3
3.069382E1;9.914918E-2;-1.976911E-2
3.072715E1;9.824302E-2;-3.280948E-2
3.076047E1;9.696224E-2;-3.789605E-2
3.079380E1;9.571746E-2;-3.836410E-2
3.082713E1;9.440506E-2;-3.441620E-2
3.086045E1;9.342343E-2;-2.066188E-2
3.089378E1;9.302806E-2;-6.089653E-3
3.092711E1;9.301752E-2;8.257650E-3
3.096043E1;9.357848E-2;2.194746E-2
3.099376E1;9.448019E-2;3.238555E-2
3.102709E1;9.573716E-2;3.803436E-2
3.106041E1;9.701582E-2;3.813336E-2
3.109374E1;9.827896E-2;3.163196E-2
3.112707E1;9.912391E-2;1.893376E-2
3.116039E1;9.954079E-2;2.883379E-3
3.119372E1;9.931610E-2;-1.350012E-2
3.122705E1;9.864078E-2;-2.763974E-2
3.126037E1;9.747376E-2;-3.472418E-2
3.129370E1;9.632661E-2;-3.772454E-2
3.132703E1;9.495921E-2;-3.595840E-2
3.136035E1;9.392978E-2;-2.689338E-2
3.139368E1;9.316692E-2;-1.512676E-2
3.142701E1;9.292166E-2;7.814926E-4
3.146033E1;9.321901E-2;1.443546E-2
3.149366E1;9.388403E-2;2.756937E-2
3.152699E1;9.505666E-2;3.829387E-2
3.156031E1;9.643610E-2;3.916640E-2
3.159364E1;9.766732E-2;3.467348E-2
3.162697E1;9.874728E-2;2.596997E-2
3.166029E1;9.939836E-2;1.165226E-2
3.169362E1;9.952397E-2;-5.106910E-3
3.172695E1;9.905801E-2;-2.087063E-2
3.176027E1;9.813283E-2;-3.090130E-2
3.179360E1;9.699827E-2;-3.761015E-2
3.182693E1;9.562590E-2;-3.950895E-2
3.186025E1;9.436434E-2;-3.085794E-2
3.189358E1;9.356905E-2;-1.951411E-2
3.192691E1;9.306383E-2;-7.758763E-3
3.196023E1;9.305197E-2;8.516757E-3
3.199356E1;9.363152E-2;2.339414E-2
3.202689E1;9.461132E-2;3.217804E-2
3.206021E1;9.577637E-2;3.639274E-2
3.209354E1;9.703710E-2;3.698598E-2
3.212687E1;9.824128E-2;3.117333E-2
3.216019E1;9.911497E-2;1.882572E-2
3.219352E1;9.949612E-2;2.973744E-3
3.222685E1;9.931316E-2;-1.359654E-2
3.226017E1;9.858983E-2;-2.726301E-2
3.229350E1;9.749593E-2;-3.461282E-2
3.232683E1;9.628269E-2;-3.858139E-2
3.236015E1;9.492426E-2;-3.541434E-2
3.239348E1;9.392213E-2;-2.622059E-2
3.242681E1;9.317651E-2;-1.408962E-2
3.246013E1;9.298314E-2;1.817936E-3
3.249346E1;9.329767E-2;1.704842E-2
3.252679E1;9.411951E-2;2.829784E-2
3.256011E1;9.518388E-2;3.626071E-2
3.259344E1;9.653649E-2;3.755046E-2
3.262677E1;9.768683E-2;3.366003E-2
3.266009E1;9.878011E-2;2.541161E-2
3.269342E1;9.938065E-2;1.041434E-2
3.272675E1;9.947417E-2;-5.386107E-3
3.276007E1;9.902164E-2;-2.120950E-2
3.279340E1;9.806044E-2;-3.135772E-2
3.282673E1;9.693182E-2;-3.744410E-2
3.286005E1;9.556458E-2;-3.944719E-2
3.289338E1;9.430244E-2;-3.122995E-2
3.292671E1;9.348293E-2;-1.929001E-2
3.296003E1;9.301666E-2;-5.935746E-3
3.299336E1;9.308728E-2;9.493100E-3
3.302669E1;9.364943E-2;2.180266E-2
3.306001E1;9.454031E-2;3.350007E-2
3.309334E1;9.588202E-2;3.839315E-2
3.312666E1;9.709943E-2;3.627464E-2
3.315999E1;9.830033E-2;3.059662E-2
3.319332E1;9.913886E-2;1.759451E-2
3.322664E1;9.947310E-2;2.018051E-3
3.325997E1;9.927337E-2;-1.407857E-2
3.329330E1;9.853484E-2;-2.750229E-2
3.332662E1;9.744050E-2;-3.491230E-2
3.335995E1;9.620774E-2;-3.881198E-2
3.339328E1;9.485347E-2;-3.712029E-2
3.342660E1;9.373347E-2;-2.532721E-2
3.345993E1;9.316527E-2;-1.184865E-2
3.349326E1;9.294382E-2;2.363954E-3
3.352658E1;9.332281E-2;1.800936E-2
3.355991E1;9.414425E-2;2.804213E-2
3.359324E1;9.519198E-2;3.590856E-2
3.362656E1;9.653735E-2;3.753214E-2
3.365989E1;9.769370E-2;3.327400E-2
3.369322E1;9.875562E-2;2.522259E-2
3.372654E1;9.937521E-2;9.871905E-3
3.375987E1;9.941364E-2;-6.612002E-3
3.379320E1;9.893455E-2;-2.129504E-2
3.382652E1;9.799420E-2;-3.074132E-2
3.385985E1;9.688547E-2;-3.692013E-2
3.389318E1;9.553368E-2;-3.940038E-2
3.392650E1;9.425922E-2;-3.119143E-2
3.395983E1;9.345460E-2;-1.875798E-2
3.399316E1;9.300910E-2;-5.480389E-3
3.402648E1;9.308930E-2;9.690270E-3
3.405981E1;9.365512E-2;2.236581E-2
3.409314E1;9.457986E-2;3.345084E-2
3.412646E1;9.588444E-2;3.732671E-2
3.415979E1;9.706789E-2;3.567079E-2
3.419312E1;9.826169E-2;3.059270E-2
3.422644E1;9.910707E-2;1.781126E-2
3.425977E1;9.944911E-2;1.892814E-3
3.429310E1;9.923325E-2;-1.405437E-2
3.432642E1;9.851231E-2;-2.795266E-2
3.435975E1;9.737036E-2;-3.517055E-2
3.439308E1;9.616683E-2;-3.769951E-2
3.442640E1;9.485748E-2;-3.477690E-2
3.445973E1;9.385030E-2;-2.571182E-2
3.449306E1;9.314365E-2;-1.303730E-2
3.452638E1;9.298129E-2;2.985026E-3
3.455971E1;9.334258E-2;1.608690E-2
3.459304E1;9.405357E-2;2.829952E-2
3.462636E1;9.522890E-2;3.647146E-2
3.465969E1;9.648419E-2;3.786814E-2
3.469302E1;9.775302E-2;3.421209E-2
3.472634E1;9.876462E-2;2.401723E-2
3.475967E1;9.935391E-2;9.290561E-3
3.479300E1;9.938388E-2;-6.363193E-3
3.482632E1;9.892983E-2;-2.086765E-2
3.485965E1;9.799294E-2;-3.310592E-2
3.489298E1;9.672314E-2;-3.730209E-2
3.492630E1;9.550655E-2;-3.696737E-2
3.495963E1;9.425906E-2;-3.044161E-2
3.499296E1;9.347778E-2;-1.846492E-2
3.502628E1;9.302827E-2;-5.454656E-3
3.505961E1;9.311420E-2;1.014748E-2
3.509294E1;9.370454E-2;2.246140E-2
3.512626E1;9.461138E-2;3.272742E-2
3.515959E1;9.588601E-2;3.909674E-2
3.519292E1;9.721739E-2;3.559564E-2
3.522624E1;9.825866E-2;2.815359E-2
3.525957E1;9.909367E-2;1.777276E-2
3.529290E1;9.944331E-2;1.707102E-3
3.532622E1;9.920746E-2;-1.502257E-2
3.535955E1;9.844197E-2;-2.812927E-2
3.539288E1;9.733249E-2;-3.472729E-2
3.542620E1;9.612759E-2;-3.738694E-2
3.545953E1;9.484044E-2;-3.563892E-2
3.549286E1;9.375206E-2;-2.506600E-2
3.552618E1;9.316965E-2;-1.173230E-2
3.555951E1;9.297003E-2;2.525974E-3
3.559284E1;9.333799E-2;1.644362E-2
3.562616E1;9.406609E-2;2.903209E-2
3.565949E1;9.527314E-2;3.622724E-2
3.569282E1;9.648084E-2;3.737384E-2
3.572614E1;9.776432E-2;3.455502E-2
3.575947E1;9.878412E-2;2.375960E-2
3.579279E1;9.934803E-2;8.832802E-3
3.582612E1;9.937278E-2;-7.163502E-3
3.585945E1;9.887062E-2;-2.200874E-2
3.589277E1;9.790553E-2;-3.339598E-2
3.592610E1;9.664422E-2;-3.685724E-2
3.595943E1;9.544920E-2;-3.620299E-2
3.599275E1;9.423149E-2;-3.174364E-2
3.602608E1;9.333366E-2;-1.779221E-2
3.605941E1;9.304554E-2;-2.800896E-3
3.609273E1;9.314697E-2;9.469562E-3
3.612606E1;9.367674E-2;2.364026E-2
3.615939E1;9.472272E-2;3.480016E-2
3.619271E1;9.599637E-2;3.747181E-2
3.622604E1;9.722043E-2;3.533184E-2
3.625937E1;9.835104E-2;2.927338E-2
3.629269E1;9.917166E-2;1.443462E-2
3.632602E1;9.931319E-2;5.773933E-4
3.635935E1;9.921015E-2;-1.298974E-2
3.639267E1;9.844735E-2;-2.828305E-2
3.642600E1;9.732524E-2;-3.441897E-2
3.645933E1;9.615313E-2;-3.738342E-2
3.649265E1;9.483343E-2;-3.588657E-2
3.652598E1;9.376109E-2;-2.463357E-2
3.655931E1;9.319146E-2;-1.055404E-2
3.659263E1;9.305773E-2;3.276453E-3
3.662596E1;9.340982E-2;1.627476E-2
3.665929E1;9.414253E-2;2.817441E-2
3.669261E1;9.528812E-2;3.544870E-2
3.672594E1;9.650538E-2;3.735052E-2
3.675927E1;9.777732E-2;3.351394E-2
3.679259E1;9.873927E-2;2.309415E-2
3.682592E1;9.931667E-2;8.593383E-3
3.685925E1;9.931207E-2;-7.420444E-3
3.689257E1;9.882206E-2;-2.190411E-2
3.692590E1;9.785228E-2;-3.130866E-2
3.695923E1;9.673516E-2;-3.665376E-2
3.699255E1;9.540910E-2;-3.614807E-2
3.702588E1;9.432569E-2;-2.936118E-2
3.705921E1;9.345202E-2;-1.956525E-2
3.709253E1;9.302178E-2;-4.384512E-3
3.712586E1;9.315977E-2;1.149456E-2
3.715919E1;9.378795E-2;2.277747E-2
3.719251E1;9.467801E-2;3.207122E-2
3.722584E1;9.592532E-2;3.703004E-2
3.725917E1;9.714586E-2;3.561256E-2
3.729249E1;9.829949E-2;2.910256E-2
3.732582E1;9.908570E-2;1.584440E-2
3.735915E1;9.935561E-2;4.696543E-4
3.739247E1;9.911701E-2;-1.470744E-2
3.742580E1;9.837544E-2;-2.804309E-2
3.745913E1;9.724778E-2;-3.493762E-2
3.749245E1;9.604666E-2;-3.774599E-2
3.752578E1;9.473222E-2;-3.497112E-2
3.755911E1;9.371564E-2;-2.318506E-2
3.759243E1;9.318681E-2;-1.002451E-2
3.762576E1;9.304756E-2;3.560232E-3
3.765909E1;9.342412E-2;1.827581E-2
3.769241E1;9.426574E-2;2.846170E-2
3.772574E1;9.532125E-2;3.547595E-2
3.775907E1;9.663041E-2;3.662146E-2
3.779239E1;9.776186E-2;3.177252E-2
3.782572E1;9.874823E-2;2.305430E-2
3.785905E1;9.929856E-2;7.799922E-3
3.789237E1;9.926813E-2;-7.995726E-3
3.792570E1;9.876560E-2;-2.185593E-2
3.795903E1;9.781156E-2;-3.149669E-2
3.799235E1;9.666617E-2;-3.702288E-2
3.802568E1;9.534337E-2;-3.778081E-2
3.805901E1;9.414787E-2;-2.900343E-2
3.809233E1;9.341045E-2;-1.718421E-2
3.812566E1;9.300245E-2;-4.310241E-3
3.815899E1;9.312315E-2;1.195940E-2
3.819231E1;9.379948E-2;2.500709E-2
3.822564E1;9.478973E-2;3.241655E-2
3.825897E1;9.596022E-2;3.747040E-2
3.829229E1;9.728734E-2;3.464825E-2
3.832562E1;9.826972E-2;2.646408E-2
3.835895E1;9.905161E-2;1.627643E-2
3.839227E1;9.935445E-2;4.516814E-4
3.842560E1;9.908171E-2;-1.583506E-2
3.845892E1;9.829896E-2;-2.851447E-2
3.849225E1;9.718107E-2;-3.451816E-2
3.852558E1;9.599775E-2;-3.683784E-2
3.855890E1;9.472562E-2;-3.417090E-2
3.859223E1;9.372045E-2;-2.292140E-2
3.862556E1;9.319804E-2;-9.525889E-3
3.865888E1;9.308549E-2;3.834032E-3
3.869221E1;9.345360E-2;1.649307E-2
3.872554E1;9.418485E-2;2.895128E-2
3.875886E1;9.538336E-2;3.823246E-2
3.879219E1;9.673283E-2;3.644603E-2
3.882552E1;9.781269E-2;3.057591E-2
3.885884E1;9.877088E-2;2.189822E-2
3.889217E1;9.927257E-2;7.574494E-3
3.892550E1;9.927576E-2;-7.761287E-3
3.895882E1;9.875541E-2;-2.235448E-2
3.899215E1;9.778596E-2;-3.152391E-2
3.902548E1;9.665417E-2;-3.670560E-2
3.905880E1;9.533892E-2;-3.759657E-2
3.909213E1;9.414815E-2;-2.850469E-2
3.912546E1;9.343924E-2;-1.677582E-2
3.915878E1;9.302994E-2;-4.354647E-3
3.919211E1;9.314898E-2;1.175294E-2
3.922544E1;9.381321E-2;2.427936E-2
3.925876E1;9.476734E-2;3.344973E-2
3.929209E1;9.604282E-2;3.630236E-2
3.932542E1;9.718709E-2;3.437901E-2
3.935874E1;9.833437E-2;2.826258E-2
3.939207E1;9.907095E-2;1.470871E-2
3.942540E1;9.931479E-2;-9.600029E-4
3.945872E1;9.900697E-2;-1.616862E-2
3.949205E1;9.823706E-2;-2.805280E-2
3.952538E1;9.713709E-2;-3.370687E-2
3.955870E1;9.599031E-2;-3.655470E-2
3.959203E1;9.470052E-2;-3.412278E-2
3.962536E1;9.371584E-2;-2.249745E-2
3.965868E1;9.320094E-2;-9.121583E-3
3.969201E1;9.310794E-2;4.202393E-3
3.972534E1;9.348105E-2;1.709655E-2
3.975866E1;9.424752E-2;2.940677E-2
3.979199E1;9.544085E-2;3.577939E-2
3.982532E1;9.663241E-2;3.634084E-2
3.985864E1;9.786357E-2;3.263247E-2
3.989197E1;9.880755E-2;2.136452E-2
3.992530E1;9.928716E-2;7.171315E-3
3.995862E1;9.928548E-2;-8.572347E-3
3.999195E1;9.871567E-2;-2.254129E-2
4.002528E1;9.778297E-2;-3.271791E-2
4.005860E1;9.653520E-2;-3.647173E-2
4.009193E1;9.535193E-2;-3.553905E-2
4.012526E1;9.416633E-2;-3.043159E-2
4.015858E1;9.332350E-2;-1.594572E-2
4.019191E1;9.310328E-2;-1.400740E-3
4.022524E1;9.323015E-2;9.901344E-3
4.025856E1;9.376315E-2;2.351825E-2
4.029189E1;9.479777E-2;3.283062E-2
4.032522E1;9.595113E-2;3.664218E-2
4.035854E1;9.724017E-2;3.518739E-2
4.039187E1;9.829695E-2;2.678532E-2
4.042520E1;9.902527E-2;1.451911E-2
4.045852E1;9.926457E-2;-6.267264E-4
4.049185E1;9.898348E-2;-1.567813E-2
4.052518E1;9.821954E-2;-2.808929E-2
4.055850E1;9.711118E-2;-3.451124E-2
4.059183E1;9.591917E-2;-3.687998E-2
4.062516E1;9.465333E-2;
